repetitiveness_score,len,ppl
84.05797101449275,93,31.859325282713897
81.53846153846153,200,82.01581175987343
84.26966292134831,107,25.22908587395607
79.03225806451613,190,22.501661169126393
100.0,2,7.365676803390463
69.03225806451613,200,12.635584470384568
93.47826086956522,74,35.38897170994082
80.0,200,28.763591079948014
77.10843373493977,200,16.623170278817003
97.14285714285714,52,91.32635155010242
100.0,19,78.9317201832557
94.44444444444444,31,28.134524803072797
94.44444444444444,165,39.3670001446392
64.03508771929825,145,27.795094092720415
75.60975609756098,200,17.858699160514554
97.5,120,22.475709006340608
84.90566037735849,200,29.269082901595315
81.48148148148148,66,22.649046598453996
73.10344827586206,200,15.838325927963151
86.95652173913044,64,36.85194708957189
77.77777777777779,69,76.06622763572528
84.61538461538461,200,29.74672075668046
78.1021897810219,200,33.064007085937796
71.89542483660131,200,24.33793965861554
88.37209302325581,71,57.773729342339635
100.0,100,84.90641696438406
65.67164179104478,200,21.332102110430828
87.4015748031496,188,45.21987661121444
90.47619047619048,62,23.86382311639108
69.04761904761905,162,33.96541516497594
84.16666666666667,180,70.00370810961563
75.65217391304347,140,47.44681241471714
91.37931034482759,164,25.738242992992127
44.14414414414414,200,5.286090116049465
81.1881188118812,128,12.619113417502
100.0,4,48.43779971165794
100.0,26,14.575825778311726
82.05128205128204,99,17.420379269429205
70.13888888888889,180,19.210435611384707
68.61313868613139,200,41.06400817297593
91.83673469387756,200,36.36102710450153
80.61224489795919,124,49.598565325961715
92.6829268292683,53,31.236862076069023
100.0,5,4.176952162641363
78.98550724637681,200,23.669703174100693
75.57251908396947,179,32.16014686842661
66.66666666666666,200,5.982936708164151
80.71428571428572,200,40.22883947906668
59.45945945945946,43,6.138175003271715
88.63636363636364,57,15.710052910309255
63.41463414634146,200,13.282780647587094
79.02097902097903,200,73.28997133538599
80.20833333333334,131,36.944238189858204
76.21951219512195,200,25.412522370032328
86.04651162790698,57,76.6477298997876
84.84848484848484,161,11.90404446742194
86.76470588235294,86,34.28547426727025
86.3013698630137,101,25.395563000114183
92.3076923076923,15,2.80535706085827
71.51898734177216,200,21.765289931126404
75.23809523809524,126,16.299007963202975
71.05263157894737,200,32.23014225694643
75.64102564102564,101,14.02577141201656
100.0,18,161.69591753746232
100.0,34,54.168180545974124
82.43243243243244,154,14.407505606105083
100.0,5,2.298844963345579
67.45562130177515,200,39.50934665770906
77.56410256410257,200,25.966360656428506
75.0,32,61.459101276764585
85.12396694214877,200,44.28418024360821
82.8125,200,39.065180462073386
74.8502994011976,200,38.50271652565939
74.12587412587412,200,36.23786349444156
80.76923076923077,200,17.855378264533627
79.48717948717949,97,32.06214480744961
64.97175141242938,200,19.729090065943552
89.79591836734694,92,13.402252868134175
76.72955974842768,200,36.41983424228531
100.0,3,1231.9266404972989
61.0062893081761,200,24.725405324845052
88.57142857142857,50,21.153411954733418
100.0,17,2.4357666132482376
73.23943661971832,179,37.76853109240018
68.35443037974683,191,13.816574498968697
71.60493827160494,200,4.896679066475858
89.1891891891892,94,18.691338360030684
100.0,22,44.771731165949916
82.35294117647058,124,31.37229896454294
77.77777777777779,200,103.73755223057427
77.61194029850746,200,44.22447721812409
100.0,33,20.87121449478316
79.28571428571428,200,37.28829226582173
71.42857142857143,200,12.506147239465887
69.87179487179486,200,32.23885247196915
83.51648351648352,144,36.08166240719793
91.66666666666666,48,13.341226741797852
68.57142857142857,200,26.70943624985708
72.78481012658227,200,16.454092707394643
89.23076923076924,110,78.76062302303752
84.92063492063492,184,41.633547768927194
81.48148148148148,143,36.5966340024096
79.16666666666666,54,44.140965393277064
88.23529411764706,47,7.513311426323481
77.77777777777779,200,41.495459576751635
100.0,61,10.88865908316974
67.48466257668711,200,16.5714648762485
96.42857142857143,50,58.19886441744078
90.2439024390244,55,19.445546730036817
73.04347826086956,200,16.644628354318144
89.04109589041096,129,63.19372028517283
75.92592592592592,200,44.033433190321695
88.23529411764706,63,37.49345294878655
78.68852459016394,145,49.37892280476248
74.71264367816092,152,41.25998374025537
80.4054054054054,200,18.410941632016407
82.63888888888889,200,84.11402099189158
84.40366972477065,145,52.974874777172865
61.267605633802816,169,13.421556750515059
75.39682539682539,175,17.21559658620318
84.61538461538461,92,65.70701737262135
100.0,12,1091.8332637492451
100.0,44,3.478941097288794
79.48717948717949,146,18.45421926040914
83.33333333333334,50,10.61676361566761
100.0,27,2.9292136232593604
80.59701492537313,101,13.377593755770405
86.8421052631579,200,97.25495336690345
76.33587786259542,200,109.84590806747931
89.1891891891892,47,74.44299285457058
97.82608695652173,75,9.894037061018969
82.57575757575758,200,46.76892303080611
70.27027027027027,200,31.895982108079277
61.224489795918366,200,40.3166554195442
100.0,17,2.010336459174368
74.07407407407408,200,77.12105714737825
100.0,30,114.8325002529823
71.875,200,27.157352512008746
73.07692307692307,154,13.298971065553578
91.04477611940298,200,17.365872114201245
72.89156626506023,200,22.69224885464451
81.81818181818183,26,2.3649717591495145
83.33333333333334,131,16.865912525661983
77.77777777777779,169,29.546230233305664
80.0,200,59.2661695003991
93.10344827586206,117,4.075552345233119
100.0,3,73.12917713722946
68.125,200,28.0269108969337
80.58252427184466,160,47.30667450378071
85.24590163934425,84,17.819708487039314
86.36363636363636,32,24.61038654227376
91.8918918918919,47,24.05750754178855
76.71232876712328,200,58.144147087426425
73.46938775510205,66,20.25763424290133
68.42105263157895,200,35.6662647474099
90.0,91,28.32502880174759
74.31192660550458,149,34.134568342650766
74.86033519553072,200,32.32563995751764
78.84615384615384,125,11.143791751882425
80.72289156626506,142,24.985842694488642
72.54901960784314,200,36.613795934280354
76.19047619047619,91,22.06425968207594
55.172413793103445,200,3.06921535030305
77.45098039215686,169,84.21328783070499
85.33333333333334,129,14.73680202670626
83.92857142857143,200,28.54768968698362
73.29192546583852,200,30.13626949668818
82.92682926829268,200,27.369432718391412
68.34532374100719,166,12.179872534399717
87.14285714285714,200,6.439650355544721
83.54430379746836,100,57.43233166911647
87.17948717948718,200,8.466750231911712
72.66666666666667,200,20.810835037176734
72.18543046357617,200,15.710647315674763
68.90243902439023,200,33.97767236526124
62.59541984732825,200,23.77303630480351
83.21167883211679,200,43.682993801675124
89.47368421052632,41,18.903966578591856
89.65517241379311,125,27.32109834632853
73.7864077669903,200,15.68550441176615
84.0,90,16.189661157347896
90.10989010989012,200,101.30645387935193
100.0,39,101.11832853209266
50.0,200,10.649674058606536
86.36363636363636,62,37.08236762807715
78.44827586206897,154,30.225867030746894
66.87898089171973,200,14.530524934426602
78.08219178082192,200,28.150676998597415
74.45255474452554,200,55.233885673468556
95.83333333333334,31,86.90136564053378
77.94117647058823,200,19.843967266937387
74.23312883435584,200,42.83462019618912
72.58064516129032,151,43.824661677578
76.51006711409396,200,33.28705383365962
66.17647058823529,158,33.09324871746886
82.22222222222221,91,11.567377599595105
86.3013698630137,102,28.26785169592611
68.75,200,22.898246501377013
65.44117647058823,180,22.115438783798705
75.93984962406014,179,38.42058825437732
79.22077922077922,200,36.57122249755404
79.56204379562044,200,22.80544435049924
94.11764705882352,33,9.258619385321811
84.05797101449275,89,53.4135684724268
92.85714285714286,41,1.0700586232993714
70.73170731707317,200,19.81336346880439
75.75757575757575,200,80.76391183460827
86.95652173913044,54,30.337388850214868
79.41176470588235,200,39.070018476154935
75.33333333333333,200,107.8747102858041
74.57627118644068,200,31.006891093894854
74.32432432432432,200,36.68667504768326
85.45454545454545,62,54.96338377927809
84.67741935483872,200,113.6531955214622
88.65979381443299,200,11.647978816178853
100.0,49,6.76843085496534
83.87096774193549,96,34.80878026875366
100.0,12,24.029763201333733
79.2,153,19.801751817207307
90.74074074074075,68,55.96301823109314
71.94244604316546,200,15.774974505450864
81.81818181818183,97,22.951095068399997
77.77777777777779,44,17.41469559304616
68.67469879518072,200,35.162436345312535
69.5945945945946,200,29.560794399049435
72.72727272727273,200,25.99048328397506
86.76470588235294,129,52.60260240296946
81.81818181818183,64,21.941376289667208
76.5432098765432,200,35.45642310468338
67.6829268292683,200,40.36838714670618
96.15384615384616,50,13.412622502581568
90.0,87,22.0297830121816
66.25,200,28.45246211832468
71.3375796178344,200,15.449616754795057
70.3030303030303,200,26.13081701684911
80.95238095238095,28,14.76850634653164
81.87919463087249,200,56.01599440060727
92.72727272727272,77,38.10454993410368
56.98924731182796,200,17.906720789869436
100.0,52,66.15924223026194
100.0,28,12.3905614317664
77.8688524590164,200,64.62842455627398
82.30088495575221,200,79.96652594285563
83.60655737704919,195,25.55258141535368
83.14606741573034,157,45.353189790142956
96.55172413793103,36,10.854134075969741
100.0,42,9.68443722778684
73.91304347826086,190,18.01410463975385
77.77777777777779,155,24.40007222720021
100.0,7,219.82695263727928
73.28767123287672,200,39.21347025018491
82.67716535433071,200,4.640656020952317
90.47619047619048,42,27.050012057600448
72.53521126760563,200,22.459265434024285
86.36363636363636,86,63.455680058292565
30.434782608695656,189,3.944777236414457
88.13559322033898,106,140.31091894260513
80.64516129032258,199,18.611066181722915
89.23076923076924,112,74.93954656210944
93.27731092436974,200,143.20309717891348
100.0,2,88.74688643671519
82.22222222222221,200,68.35312893568998
100.0,3,11178.42417296177
73.80952380952381,102,21.636894857194783
70.83333333333334,200,6.194823078270648
100.0,200,14.13992830629553
100.0,9,138.55732095960636
77.33333333333333,106,3.7630523151000927
72.43589743589743,200,25.21378770262115
85.0,87,39.03595488791067
73.21428571428571,103,29.118746767043973
77.16535433070865,148,55.416347189535216
79.08496732026144,200,41.82921607795737
88.70967741935483,200,17.257826412206516
78.66666666666666,99,38.226405136448726
85.71428571428571,151,23.758329757737673
57.798165137614674,200,20.030248471976684
77.66990291262135,136,15.095609521114179
100.0,16,15.42356305490717
100.0,3,38.525283321844064
100.0,11,133.38276655400026
93.18181818181817,66,45.603288997565805
81.88976377952756,187,37.603200113901295
73.37278106508876,200,16.89567342104535
57.2463768115942,200,13.869627909355067
72.81553398058253,115,25.139001408267692
17.763157894736842,200,4.969283306098027
73.93939393939394,196,29.917184577429488
77.55102040816327,200,14.845061989822794
71.52777777777779,200,46.09013259634712
100.0,22,38.21137515262812
100.0,14,49.67605168726616
93.93939393939394,50,37.19234400882325
75.92592592592592,200,76.29019724948218
60.0,79,2.8461081887062534
63.30935251798561,178,25.861862829570935
70.58823529411765,200,33.01663209624144
62.83783783783784,192,10.001420377103802
95.45454545454545,50,13.675690108560312
95.65217391304348,25,6.201400550256106
83.33333333333334,200,12.826519719158334
77.30496453900709,200,30.39155371551491
85.71428571428571,18,61.64674701974896
90.0,69,29.809930439949827
97.2972972972973,55,56.89977140145573
100.0,14,25.000473236206773
77.63975155279503,200,79.3935312802923
78.57142857142857,159,18.14256899762677
91.66666666666666,30,15.46664225180223
77.77777777777779,18,2.025175834160202
91.80327868852459,117,27.500573667704394
72.61904761904762,200,30.493653280848683
88.67924528301887,200,35.291592474311706
81.08108108108108,78,30.194719439879385
73.38709677419355,200,19.97882811487918
80.95238095238095,65,1.4030452628562478
80.85106382978722,200,22.030459189195266
98.18181818181819,78,66.59170827496753
74.0506329113924,200,14.992026265164668
68.05555555555556,81,24.589865350842157
74.375,200,33.05442596779652
100.0,7,26.00563504753088
76.47058823529412,200,30.997472627830238
77.64705882352942,128,53.691347117407794
72.61904761904762,200,24.660020866095717
86.58536585365853,178,57.897308053394866
94.11764705882352,41,32.69019625236319
83.78378378378379,110,16.585810131874165
73.01587301587301,80,17.389718899458394
90.9090909090909,44,23.47102501192963
79.87012987012987,200,30.57550093374975
73.02631578947368,200,10.767999118136744
84.7457627118644,200,85.92245109578353
69.51219512195121,200,16.689254862687687
75.53191489361703,129,18.789808241956848
75.0,104,15.642589927436184
79.45205479452055,97,53.99103537262296
73.48484848484848,200,23.26973013013541
97.22222222222221,55,11.06715661853774
60.0,200,5.9728399708693045
79.22077922077922,92,32.60866987198905
85.71428571428571,24,16.567942048127943
69.6969696969697,125,18.072042912942745
71.1864406779661,101,35.85883552458106
76.99115044247787,131,20.718355908761858
90.0,49,49.45030041550191
100.0,12,582.6700210313926
77.85714285714286,200,27.505132547561583
94.11764705882352,50,30.922399301901496
74.3421052631579,200,14.582712196041996
82.6086956521739,71,12.54667262056605
79.7979797979798,130,11.272271351343766
47.22222222222222,200,4.523915004655589
84.54545454545455,200,47.70868997893326
84.16666666666667,200,77.46181451733212
60.16949152542372,200,10.083591441341188
86.36363636363636,107,14.51217488682478
81.48148148148148,200,52.26303554448558
100.0,3,510.39802799537216
94.31818181818183,190,85.79658040414826
92.85714285714286,87,67.25580460059847
80.32786885245902,83,33.04917374412077
73.4567901234568,200,61.53432188010975
81.81818181818183,55,20.69476044621209
73.11827956989248,104,55.59278446482411
70.46979865771812,200,20.142494987897866
75.0,200,21.9028532620056
84.48275862068965,190,21.493338133369683
76.42857142857142,200,33.638731516947665
78.47222222222221,200,13.847041160160915
71.31147540983606,147,35.70993147546558
76.0,200,21.328166848557558
75.18796992481202,200,25.805466147235617
94.11764705882352,33,199.5423808081042
100.0,37,24.821850156645354
82.66666666666667,200,63.22896599639195
88.09523809523809,78,21.19373655043882
61.904761904761905,110,25.150734753508537
83.14606741573034,132,2.984019043036572
86.58536585365853,112,5.306107815056445
73.63636363636363,139,8.14004199733189
77.92207792207793,200,30.458011134508382
83.9080459770115,200,55.51797678657591
79.22077922077922,92,69.66829219017187
87.34177215189874,111,190.53666872291296
66.45161290322581,200,32.88213273843848
79.24528301886792,200,28.759607880288822
82.3076923076923,200,139.44120814697237
82.45614035087719,200,42.83284283750647
100.0,115,13.11706066175963
82.01438848920863,200,37.05029162035442
93.02325581395348,200,14.85846747932012
68.11594202898551,190,13.14989088382944
81.44329896907216,200,13.06858922908306
73.48484848484848,181,3.633983310244959
70.05988023952095,200,25.45332809050689
80.0,157,3.1066606567957598
86.36363636363636,30,102.42025946901077
81.3953488372093,200,6.2003632418580015
78.26086956521739,47,10.359301288416647
81.42857142857143,128,43.934914499145
70.0,200,7.010416840086042
79.56204379562044,200,52.590370764028265
84.33734939759037,106,56.954129984820476
90.2439024390244,57,40.961378890943955
53.90070921985816,190,8.128165665793285
77.3972602739726,200,31.090200676244
86.46616541353383,200,51.556909843297
89.47368421052632,93,59.142030766091715
82.4074074074074,147,2.1723627130902456
76.15894039735099,200,40.640784632477
81.13207547169812,200,130.06759358422312
77.46478873239437,200,31.418679095708306
76.63551401869158,133,47.85628034917589
79.52755905511812,171,28.09326846008038
73.24840764331209,200,29.183762000021698
70.70063694267516,200,26.140414086874568
76.07361963190185,200,44.437161595494246
78.35820895522389,200,11.375408312601047
72.0,200,14.401547041250433
89.94082840236686,200,11.235783108026109
86.48648648648648,62,3.2762215501684575
93.20388349514563,200,16.876753015478247
79.46428571428571,164,15.632577080932602
81.9672131147541,83,24.712244025157204
41.361256544502616,200,18.504332728011498
66.20689655172414,200,8.787098103792939
87.5,71,90.75235399014629
100.0,12,106.01346901877953
89.36170212765957,57,28.315440203664803
84.0909090909091,200,149.15419272167856
74.8502994011976,200,45.41724921694657
55.55555555555556,67,9.29809844063579
85.55555555555556,200,7.8520968707857675
97.22222222222221,46,45.23179611039983
73.80952380952381,113,2.78924944085022
82.89473684210526,110,3.3546651135054546
100.0,42,18.936843339296914
72.97297297297297,200,13.586744597664417
86.27450980392157,200,42.746395431636536
77.41935483870968,200,60.205078262934734
85.71428571428571,74,30.414845073947987
100.0,13,36.241959639564364
82.17821782178217,129,22.340306326303224
72.35772357723577,200,31.527055463244444
100.0,6,391.2532415300608
68.42105263157895,150,18.65658077235354
67.0391061452514,200,18.49112157209194
91.05691056910568,200,49.48160517638179
81.81818181818183,190,7.4838477093228954
71.32867132867133,200,18.256615400784792
71.77914110429448,200,32.53664099299692
100.0,28,57.13956908949569
58.97435897435898,200,19.436485388930574
70.73170731707317,200,41.47703919742546
81.44329896907216,134,40.78582358277255
72.2972972972973,198,20.065054602959123
80.73394495412845,137,2.8528941551171556
77.23577235772358,200,14.824842152592971
68.78980891719745,200,12.963613209399798
80.26315789473685,200,31.941049163120528
70.06369426751591,200,12.883205738927117
75.625,200,21.745776052817234
97.22222222222221,68,26.900417183245892
79.86111111111111,200,32.47872107659903
50.0,200,25.779878401407466
86.36363636363636,46,19.594957071212438
100.0,24,8.804600527556246
64.97175141242938,200,41.143953810266225
73.28767123287672,200,24.644490718476316
78.57142857142857,200,33.34351754793283
78.2312925170068,195,43.0437110394353
100.0,5,7.8905317533006745
97.14285714285714,79,55.88131922180906
78.57142857142857,109,18.5829229782865
83.80952380952381,141,46.25479074056354
69.66292134831461,144,19.093915585409718
80.0,160,5.13503509848386
39.42307692307692,187,4.938286822198912
72.22222222222221,121,22.929070437864237
69.87951807228916,200,48.19213792878108
93.75,143,12.577778179573608
89.0909090909091,62,19.40656203030408
76.64233576642336,180,66.36883921652162
68.69565217391305,200,20.063454522564946
76.25,96,25.685929522572646
68.75,52,36.51449441286045
78.94736842105263,200,25.785472541393673
100.0,13,8.52144790165386
70.27027027027027,200,55.18220421507204
74.0,150,2.4053346629238623
78.78787878787878,200,18.054600428009447
84.0,73,56.61472975988383
80.68181818181817,166,36.65713039874018
82.03125,181,23.936244106758924
81.17647058823529,106,21.017977830937685
79.01234567901234,107,20.354183724090944
69.10569105691057,151,23.74830471184602
74.83443708609272,200,16.71717157252086
92.81437125748504,200,6.413207829624068
71.8562874251497,200,56.7922575297854
76.66666666666667,138,9.410497379185486
100.0,3,155.6450874398877
92.89940828402366,200,6.444728456962791
100.0,45,27.537523760177386
84.25925925925925,154,20.297479807525914
70.3030303030303,200,20.68557219663497
77.27272727272727,27,49.06849740025266
94.73684210526315,50,1.8997248152338135
77.88461538461539,145,21.539748727309075
92.5,139,43.75515001105243
80.12422360248446,200,47.05786048555006
77.14285714285715,200,1.4285384508730907
90.60402684563759,200,61.00680148802646
75.25773195876289,148,22.658224718876163
100.0,20,3.9013368625629985
92.3076923076923,37,8.276122768851534
65.48672566371681,136,16.104196433059986
100.0,13,46.36668443542023
100.0,3,139.57112306804478
71.95121951219512,200,34.77855941497675
100.0,3,88.919541573922
91.30434782608695,200,17.64038516457925
84.21052631578947,200,9.319478069789037
56.12903225806451,180,14.93676858097349
83.20610687022901,200,68.9745972991556
95.55555555555556,200,102.60109871428598
44.230769230769226,200,2.0462186343183952
85.71428571428571,200,28.941612128651414
60.264900662251655,200,10.493791121979877
90.47619047619048,57,58.47951059298582
76.47058823529412,200,30.004774406542982
69.04761904761905,200,19.936445731286724
100.0,8,5.35537135854239
54.23728813559322,200,4.353166166685172
80.13698630136986,200,14.43149213726195
86.31578947368422,200,9.964217400929869
72.8395061728395,200,39.53177243085612
74.68354430379746,200,30.392024775843122
81.33333333333333,107,11.334446677617503
74.3421052631579,200,20.517987186858146
70.1219512195122,200,34.55519101945043
100.0,30,53.05164327415535
85.48387096774194,81,23.519792911698953
84.375,200,16.102460431361727
100.0,58,7.076427827223386
73.97260273972603,200,21.651719670075313
73.91304347826086,185,16.351728240732
93.33333333333333,14,23.18982118135748
73.04964539007092,200,25.85412183621742
81.30081300813008,200,48.59555433044099
77.27272727272727,179,18.186308461461646
45.794392523364486,153,6.427622023665362
97.5609756097561,69,41.91796805553718
71.42857142857143,200,12.46653922934085
84.21052631578947,148,21.619653793316964
88.46153846153845,46,17.174051442503536
75.17241379310344,200,19.55155455272613
78.15126050420169,200,79.92675889806303
93.90243902439023,187,13.84474458042126
80.0,200,26.688550354255305
88.50574712643679,113,44.69281523726509
70.51282051282051,189,21.08238489495482
89.51612903225806,200,23.416849776615244
84.81012658227847,103,1.3013030956398859
75.3731343283582,200,14.00351976914421
75.86206896551724,200,77.83025420977286
72.65625,172,9.186886847924685
85.71428571428571,44,53.386206851509286
72.6027397260274,87,24.749158443361313
93.93939393939394,43,62.04935107172219
80.0,73,9.80612263203815
73.91304347826086,144,23.201164562937365
100.0,10,62.39847109495042
60.0,200,13.798496554255774
74.80916030534351,186,34.77088042012064
74.85380116959064,200,22.716571719640097
100.0,3,2460.9425363899268
70.88607594936708,200,22.25264929616061
80.48780487804879,50,27.24769237189851
69.23076923076923,200,11.819503771789664
72.0,200,17.885647194926594
82.22222222222221,115,3.712339918864954
72.88135593220339,127,8.547688985510085
100.0,26,23.223659590248694
82.6923076923077,200,35.966646311503766
72.32704402515722,200,16.140839843781976
75.34246575342466,200,7.563495036371153
93.33333333333333,23,136.65104596829528
67.2566371681416,146,2.3849728417401725
56.36363636363636,200,1.709422274507865
94.87179487179486,160,39.540639884484264
95.90163934426229,200,34.70780941820361
74.61538461538461,170,8.63567056073096
79.62962962962963,136,26.375848466418454
85.33333333333334,200,12.693615102202553
87.02290076335878,200,53.22056531055495
72.5,200,13.947820737360432
85.26315789473684,129,4.873004507974829
80.55555555555556,154,29.556172893178253
81.60919540229885,200,24.716024216654763
100.0,51,3.3372237975168786
70.27027027027027,137,25.75684526492787
74.19354838709677,200,20.042262379101718
90.0,139,30.464086010324657
87.21804511278195,200,38.63912431866545
80.2919708029197,182,18.57784104863675
67.48466257668711,200,24.8649458028552
91.11111111111111,51,48.87212051792619
35.204081632653065,200,5.684789714593964
100.0,19,50.794167331591076
71.42857142857143,200,36.3538059042038
78.125,72,21.60255533348047
75.83892617449665,200,21.012302188077637
81.81818181818183,122,20.32082066358839
75.34246575342466,92,23.764610318049346
96.42857142857143,45,57.73839585754429
79.51807228915662,111,20.358878899820688
74.82014388489209,200,32.92210300684615
76.43312101910828,200,48.38430591833242
79.24528301886792,66,29.35616869045392
73.37278106508876,200,15.712273712311696
65.74585635359117,200,59.50438556915858
100.0,27,2.8986681925542186
77.21518987341773,103,61.361227723555125
91.83673469387756,56,20.67461092274266
78.80794701986756,200,41.330470908120034
81.81818181818183,153,24.300453232708204
77.56410256410257,200,28.06738726806605
89.28571428571429,64,8.960794186066986
62.0,200,7.057074289742401
100.0,45,23.613805426277917
79.16666666666666,105,2.413125695098802
81.57894736842105,142,20.408723379524425
100.0,30,2.000507168526595
100.0,98,24.92844241785297
58.95522388059702,200,9.52897017432909
89.28571428571429,48,17.351058107274685
75.83892617449665,200,46.91026393949801
80.83333333333333,158,4.173019408411627
93.75,35,18.28492498378346
78.03030303030303,200,32.150666618415144
83.33333333333334,200,184.44429444932837
100.0,47,41.93103123931316
72.7810650887574,200,28.63211178731733
89.47368421052632,75,47.76070355478245
78.44311377245509,200,20.24381687045057
86.95652173913044,35,44.622989693247824
75.78947368421053,141,15.062346047446239
75.47169811320755,200,17.521067209218643
100.0,37,38.54038914064803
67.12328767123287,200,23.357769404167815
64.13043478260869,200,19.87849028659681
100.0,4,46.54744995152379
73.10344827586206,200,10.295614816262708
70.52023121387283,200,23.803791741853352
84.05797101449275,200,64.1027434835983
78.2258064516129,200,34.444383263752734
53.96825396825397,72,40.73041763185652
75.0,181,42.5192664175991
76.08695652173914,92,24.837037345736796
78.48101265822784,117,64.21098109453841
83.33333333333334,200,42.04081042783696
61.80555555555556,200,23.163042536527424
92.5925925925926,39,25.00860194648901
95.23809523809523,109,27.347943353397067
67.33333333333333,200,28.91501022084065
90.9090909090909,68,28.117886028572965
76.08695652173914,186,16.432016417291504
76.78571428571429,138,17.117509816511795
83.51648351648352,200,8.242295233917014
70.49180327868852,179,12.525251984696647
70.66666666666667,192,27.316705284009124
71.42857142857143,200,19.06998439935969
77.77777777777779,11,20.89022727158488
80.82191780821918,200,30.300604768738673
80.3030303030303,192,37.19203827138577
88.23529411764706,27,39.09420982684424
72.2972972972973,200,1.0411981119569393
78.28947368421053,200,14.960287088490512
80.26315789473685,98,24.981651955533287
66.07142857142857,200,16.361841128980718
95.83333333333334,114,101.66333064045556
70.48192771084338,200,21.498400860198483
90.0,200,114.66630335613787
91.30434782608695,101,8.129489177119794
100.0,8,80.14236051836517
100.0,17,1.5448713196478203
55.319148936170215,189,22.506489320538577
70.66666666666667,200,45.832514615945946
78.32167832167832,200,29.597225491199485
77.66990291262135,200,13.525503580682765
87.09677419354838,49,10.642938789359041
82.75862068965517,86,16.619800597136607
78.28947368421053,200,37.17726778903634
96.96969696969697,49,121.26356294977926
73.26732673267327,199,36.368094974144164
80.0,67,13.360532523228875
76.82119205298014,200,63.87274277455698
88.88888888888889,28,24.45975833027137
76.68711656441718,200,29.617761676727746
87.93103448275862,91,32.29520099541821
86.13861386138613,200,20.98163852619939
80.92105263157895,200,43.54993682718024
77.63975155279503,200,29.68490021967641
70.86092715231787,200,12.84411338318971
96.42857142857143,102,281.1135783003997
75.0,71,27.969237505033885
77.10843373493977,200,16.004808659905198
77.61194029850746,200,19.340940409399302
85.29411764705883,127,61.53091492343126
79.1044776119403,200,19.89927123613824
95.0,22,5.300778759650624
73.38129496402878,167,44.012719807494
96.42857142857143,46,48.078731508358906
100.0,17,2.264947320613012
80.1418439716312,200,35.09669983657339
83.91608391608392,200,131.19758523391417
89.83050847457628,148,10.410429601764193
79.62962962962963,76,53.55420334772292
81.35593220338984,200,25.876285425079992
81.15942028985508,79,17.05084403654246
88.46153846153845,31,41.48498555627859
90.0,76,11.18974704338369
77.41935483870968,200,28.17312511920644
78.57142857142857,200,11.508020572097132
70.11494252873564,200,29.226577818237807
75.9493670886076,200,27.807437772696588
77.77777777777779,87,33.90424315791557
78.3132530120482,200,15.795124987862042
80.0,200,52.539048069988056
80.34188034188034,163,24.7407394764371
60.0,7,15.522831723116314
51.724137931034484,54,15.98051112709322
94.73684210526315,31,25.589393859027528
83.09859154929578,80,31.940893772494864
94.28571428571428,37,21.22613149615285
90.27777777777779,121,184.06966019738024
74.65753424657534,200,24.46863087826728
76.37795275590551,184,18.7002730525439
100.0,23,2.18077114839644
84.21052631578947,200,47.147142315518806
89.70588235294117,106,93.63705288495237
59.66850828729282,200,1.252277900585683
80.72289156626506,96,51.98334832818134
71.62162162162163,138,8.202547273279022
79.56989247311827,120,24.338474433672683
78.03030303030303,182,7.744891883857666
78.94736842105263,134,33.635423136414694
78.94736842105263,200,3.119296797969694
88.23529411764706,64,7.445866123891485
82.08955223880598,200,10.987644081369021
79.16666666666666,200,11.277842592016896
100.0,12,155.58361668281157
64.42953020134227,200,24.434249776964876
80.53691275167785,200,21.9933502048756
77.12418300653596,200,37.00650602481226
91.11111111111111,63,55.35263848296309
72.27722772277228,125,28.448893533195797
100.0,20,18.235200331717074
76.72955974842768,200,23.776799997211345
76.71232876712328,200,16.692702847997708
80.0,5,337.8077864548147
70.34482758620689,200,22.806016409866697
100.0,6,335.63240055675703
92.63157894736842,200,18.98964391675086
100.0,50,59.97891432317622
92.3076923076923,39,17.187376325599157
100.0,6,27.9623006456292
69.10112359550563,200,25.61093336309194
89.05109489051095,200,59.77961181738101
75.18796992481202,161,41.54190789082442
78.48101265822784,101,35.22415105913413
97.36842105263158,159,74.81197103744648
93.10344827586206,51,21.977207083427512
79.72972972972973,200,40.14206419835164
64.07185628742515,200,9.561130193950344
78.46153846153847,114,29.3197906654072
75.17241379310344,200,33.661110461259995
75.90361445783132,200,41.463562030090166
100.0,6,1123.5006290358108
96.92307692307692,129,46.581039120053454
86.25,98,68.14306372838668
85.80645161290322,200,45.48977817161816
85.85858585858585,200,53.490934620738564
81.81818181818183,154,22.242089504791206
67.2316384180791,200,26.000267100025034
78.51239669421489,164,42.887569342921374
67.64705882352942,200,27.0986022128456
68.96551724137932,57,7.690359670786272
81.45695364238411,200,84.81902401242492
90.625,164,46.971665722213785
79.16666666666666,200,40.357110069442314
80.82191780821918,200,71.55645251560352
100.0,2,1357.1483345481975
94.11764705882352,19,70.3241312877977
77.27272727272727,47,31.997210665162587
100.0,12,98.8929242670355
79.5031055900621,200,46.68925650656877
75.34246575342466,200,1.111576465896038
80.61224489795919,119,123.17191642087872
77.12418300653596,200,56.250406928185726
100.0,15,16.516393413544787
64.28571428571429,200,16.970443078129822
74.82993197278913,200,45.614718180419395
100.0,11,18.666808843249616
100.0,10,553.5758146685143
68.57142857142857,200,15.834331226122524
82.3943661971831,200,74.33059769502863
86.99186991869918,200,42.50927744261296
95.23809523809523,29,8.43710932924387
83.65384615384616,135,20.470121511248628
77.35849056603774,158,52.41395030128833
100.0,26,379.94583539616997
93.61702127659575,181,28.751528422702297
87.03703703703704,86,21.542785123015907
65.57377049180327,200,8.846752349645012
100.0,27,12.047797376441993
78.57142857142857,200,31.785318396380205
75.67567567567568,200,31.017007324986388
80.0,123,24.08334083015538
63.42857142857142,200,15.602428038220333
69.66292134831461,200,32.83109760554996
76.2589928057554,200,67.18596094018915
85.3211009174312,200,41.23380167291271
82.05128205128204,53,14.105996935052437
66.14173228346458,200,12.342101102280605
88.23529411764706,89,37.814739248074176
93.39622641509435,162,67.66636470423778
87.75510204081633,154,27.866628138502563
69.33333333333334,200,27.625216917173983
63.013698630136986,200,4.387974803398632
91.54929577464789,93,100.69694948858321
73.46938775510205,200,52.146979103794436
100.0,21,10.843981256337786
100.0,24,34.525892240383115
74.67532467532467,186,67.31613922345912
70.0,200,23.576240549794978
75.91240875912408,200,20.87965547904643
76.82926829268293,136,16.942599670558888
78.04878048780488,149,54.65168382234879
91.78082191780823,113,79.57440647900934
79.72027972027972,189,28.602276379439356
78.343949044586,200,26.567121767693177
34.065934065934066,146,3.8229322874908847
79.24528301886792,200,64.90988034879834
80.24691358024691,115,6.446647342985841
84.93150684931507,200,61.96031326652107
79.87012987012987,200,22.285366537424313
90.9090909090909,138,33.609160787797116
83.82352941176471,177,12.656927676311527
71.60493827160494,200,23.184312926499363
87.09677419354838,200,35.19255419874666
80.76923076923077,200,47.72326812198604
78.91156462585033,200,31.146200088110096
100.0,39,15.663900238301364
92.85714285714286,19,43.56995836698442
91.66666666666666,32,108.0848193898421
79.64601769911505,152,32.76474795424695
72.32142857142857,152,18.666376195480495
85.71428571428571,28,24.031009185612387
74.6268656716418,170,24.181317937361317
100.0,57,75.32718163227108
94.11764705882352,62,5.100530273360284
80.37383177570094,139,11.158122526031061
100.0,10,78.04130928331656
77.52808988764045,135,16.92416686410455
68.53932584269663,200,13.46919370944869
76.66666666666667,200,23.646672916637854
75.81699346405229,200,32.86020211225924
77.02702702702703,200,125.30827082030972
79.54545454545455,200,37.44410831412083
80.0,191,38.09993879358628
86.27450980392157,73,18.44784247915397
80.0,200,28.488703475194473
89.74358974358975,157,43.94395797257441
88.88888888888889,72,14.20506559559218
74.12587412587412,200,17.87905486701678
75.71428571428571,200,12.57552584144317
72.41379310344827,96,19.025579253261924
91.11111111111111,200,130.99078371820727
96.42857142857143,33,9.430519141518095
94.11764705882352,22,143.38387207451612
71.42857142857143,200,19.00430748564285
100.0,7,84.0080445557822
84.87394957983193,168,40.68391370800604
90.9090909090909,38,43.71136474507926
58.333333333333336,74,1.6910866980230295
82.1917808219178,92,13.581183175824359
82.53968253968253,172,61.873355319530454
76.53061224489795,140,17.13310487226195
59.09090909090909,200,6.3608886791647015
90.9090909090909,56,39.33903001521453
68.37606837606837,149,30.226927213562877
70.37037037037037,200,15.509235129677348
92.3076923076923,24,57.06185351165641
92.0,35,63.3188508744708
100.0,46,38.7126387145286
83.78378378378379,200,75.7528541614984
77.77777777777779,102,29.955179698419933
56.83453237410072,200,20.31102341434318
91.30434782608695,66,66.94469388616612
54.20560747663551,180,4.892468783122003
92.0,30,43.57380431493691
100.0,45,21.282323859180227
69.93006993006993,200,16.20467248086593
79.8507462686567,200,45.376365181823566
91.17647058823529,45,9.926250262740929
89.83050847457628,200,35.689896657033
100.0,16,56.20908809937098
95.23809523809523,131,20.940648932393533
84.28571428571429,95,31.772837062084463
79.6875,187,10.553395439906712
68.84057971014492,167,25.591765170433412
78.94736842105263,200,78.94110915791262
95.45454545454545,26,72.21014822172272
100.0,200,23.239780468664005
66.46706586826348,200,30.236262260218894
82.31292517006803,200,34.35132279519315
87.27272727272727,200,18.629738217710557
93.54838709677419,41,56.069491212856676
91.52542372881356,92,2.2367291546583896
78.51239669421489,200,9.404632686717882
29.245283018867923,200,2.9211524102950994
79.08496732026144,200,23.30622213492421
81.34328358208955,168,30.468631474164436
66.85714285714286,200,12.94163793269573
77.61194029850746,200,24.309047950997893
87.82608695652175,170,11.728235703522905
100.0,52,1.2729795574578948
100.0,16,219.8936939198348
69.51219512195121,200,19.524698846765503
83.92857142857143,75,18.01836311317659
100.0,27,57.61809985112022
90.32258064516128,106,50.57558430194459
96.42857142857143,200,22.90899180115276
100.0,7,12.148628621891854
82.35294117647058,164,76.64797106230822
72.18045112781954,163,15.205570392341377
79.16666666666666,199,15.728262504203322
80.55555555555556,199,73.74163656038293
73.49397590361446,200,25.111232012170923
92.5925925925926,61,17.82525949610107
88.52459016393442,96,62.32910317036816
100.0,43,50.660258941710495
65.3061224489796,50,11.923394876309471
66.875,200,23.511263478713847
100.0,6,32.677157800423004
69.23076923076923,179,19.455478833147644
82.22222222222221,200,71.86052033744802
70.27027027027027,140,8.416249915036005
82.45614035087719,177,12.615492877628736
80.35714285714286,67,18.403796383410096
100.0,17,141.65790072972905
75.67567567567568,61,42.43098691919271
91.42857142857143,171,119.19242037947515
75.75757575757575,95,20.19832731700635
76.97841726618705,200,46.6191042407897
74.24242424242425,200,53.30959724918863
88.88888888888889,86,1.779434859792633
84.50704225352112,116,43.497720891174474
80.57553956834532,200,22.728971851776876
86.5979381443299,135,85.24749048995199
89.65517241379311,28,17.795969862930885
100.0,11,32.433552913287855
100.0,11,19.722177603367015
76.31578947368422,200,58.273092820499656
73.15436241610739,200,73.54208838670478
81.53846153846153,200,26.36720888660871
94.0,93,50.26904551078684
100.0,31,2.4148999230434685
76.82119205298014,200,33.879202888415875
80.0,4,22.455858171698655
89.28571428571429,83,13.858558777675363
79.36507936507937,74,6.285384803309823
71.53284671532847,200,11.491023873688077
75.0,200,19.884066500373585
84.61538461538461,124,34.01915396793209
90.38461538461539,158,8.49133468929483
70.77922077922078,200,25.78403530231472
82.6086956521739,32,32.886035558753775
90.19607843137256,122,70.7544232472488
78.48101265822784,200,22.000718519883005
68.35443037974683,200,26.319031302879782
100.0,20,1.0880767807229448
75.0,200,16.235707985104177
95.65217391304348,43,20.265935626769945
81.6,200,16.006920487145702
94.11764705882352,163,79.78120130024975
75.18796992481202,181,46.28980814988416
85.5072463768116,84,15.44114360333005
94.54545454545455,95,2.131841662812702
73.71428571428571,200,15.092759184090145
79.24528301886792,200,28.594216833336038
73.86363636363636,200,9.447844219647415
91.95402298850574,152,35.294067824326476
83.33333333333334,5,718.30816073582
74.3801652892562,158,22.02776755943501
71.81208053691275,178,28.55990083931548
95.65217391304348,21,7.533977319088096
100.0,35,36.73332261866049
81.37931034482759,200,14.925789179216936
100.0,17,87.45379742038128
68.36158192090396,200,30.508022468084537
73.38129496402878,200,9.422064562775548
87.5,70,44.12677310259522
77.27272727272727,123,17.857074298944582
79.20792079207921,132,25.379039658508987
79.16666666666666,105,9.948707925354642
76.92307692307693,200,17.305415090526928
96.15384615384616,32,7.548147797311059
85.0,121,26.188775057737306
75.53956834532374,200,54.151192994734096
77.9874213836478,200,36.20167286533387
91.30434782608695,65,50.97377872896123
72.97297297297297,200,37.35444914888696
76.47058823529412,102,18.62086182127832
96.66666666666667,50,21.964675440329003
96.55172413793103,30,7.484509634438992
89.65517241379311,38,12.589414147418367
72.26890756302521,158,21.396089261133834
65.46762589928058,200,7.221487468018366
84.7457627118644,70,48.32285447595613
56.94444444444444,147,21.354377888848227
81.9047619047619,140,15.080914173414433
67.97385620915033,200,16.789831128571507
92.85714285714286,40,14.018684901628498
86.82170542635659,188,50.85861354973827
81.55339805825243,162,23.12794948197849
89.36170212765957,60,25.61799539538047
71.08433734939759,146,27.20360926960729
70.39473684210526,186,13.866242819708047
100.0,36,35.00764744517471
81.14754098360656,180,58.56427535940381
79.66101694915254,200,55.36798513912741
82.22222222222221,170,25.07534815604908
84.7457627118644,102,38.44937922973192
88.11881188118812,159,42.84021916450025
92.85714285714286,196,35.754813402013006
70.96774193548387,190,19.29947373370055
90.0,32,2.0397618215815636
95.23809523809523,29,81.53121860734939
86.11111111111111,189,50.562395889781314
79.73856209150327,200,38.31009374072241
68.14814814814815,200,15.303716142717667
72.1311475409836,88,10.158562679463161
91.80327868852459,146,45.56993950911382
82.6086956521739,182,18.984501782905358
84.52380952380952,114,51.201119943903066
100.0,4,16.037383891777854
78.52760736196319,200,25.70495528382413
80.0,200,40.92319689195113
68.70229007633588,198,17.46643419299318
76.22950819672131,173,13.52958930205032
73.93939393939394,200,29.079410317715897
69.71830985915493,200,17.83324229033484
95.65217391304348,49,4.1207603034857705
69.07894736842105,165,18.86342402025004
25.225225225225223,200,2.8514573229146896
96.875,42,25.47990107769498
71.22302158273382,200,28.686657477568282
68.31683168316832,200,13.345544385272182
100.0,5,278.9808099017674
95.0,20,21.120526853533487
81.11888111888112,179,32.67299045923293
83.46456692913385,200,33.19708837433008
86.4406779661017,200,11.206814046361892
95.18072289156626,169,38.51622468341157
88.46153846153845,94,10.09114146494032
79.3103448275862,65,14.010112930168152
66.87898089171973,200,29.57532533485526
70.0,178,15.242016219701117
84.5360824742268,125,42.1325662885207
80.35714285714286,148,18.82261041695931
57.14285714285714,33,13.317996501418591
100.0,12,75.46902617801362
87.2340425531915,165,1.9625290065848908
91.66666666666666,48,88.38355443934138
98.4126984126984,136,29.990038433895258
92.5925925925926,40,1.2151035180737313
75.0,23,10.338377987317857
82.70676691729322,193,36.28004363151614
79.81651376146789,145,55.570474436573704
84.44444444444444,171,3.337477106059959
87.09677419354838,137,35.82146345072858
74.19354838709677,191,20.073959773167214
60.396039603960396,200,13.677529893393052
78.37837837837837,198,8.572109500562535
69.81132075471697,161,18.43560731207734
77.22772277227723,126,25.628717982400406
67.79661016949152,200,41.43721448043836
52.0,61,9.49804229813862
71.42857142857143,200,23.551459684169313
93.33333333333333,77,31.021655574005546
66.66666666666666,26,7.221528315676817
100.0,19,5.677488513116739
74.52229299363057,200,42.56272673160633
79.16666666666666,200,35.473805669727085
92.1875,200,36.27676258947162
82.25806451612904,165,20.460664739111603
100.0,39,5.108484659393855
88.23529411764706,200,111.44952378058561
80.0,171,20.652371712740955
72.8,157,9.205831175676606
37.2093023255814,77,2.935725847338535
100.0,21,68.6964561511208
100.0,2,104.74340281238759
70.39106145251397,200,53.696667770748775
100.0,17,252.79425685827766
74.52830188679245,200,17.464925024043097
100.0,20,114.23863737821216
82.79569892473118,136,24.508187224415273
74.31192660550458,174,14.926837882922474
81.35593220338984,200,69.86453255819097
82.52427184466019,181,77.0539275097643
72.35294117647058,200,35.834911619691546
81.81818181818183,173,15.845210179477501
72.66666666666667,200,14.255155868880259
83.11688311688312,200,60.33358613699795
79.01234567901234,200,10.41346800078455
62.28070175438597,134,10.766419768694051
82.4742268041237,162,48.22652785806417
69.33333333333334,200,8.924788766096617
80.74534161490683,200,32.4751574670595
68.50828729281768,200,11.172955492205663
72.25806451612902,200,58.727295163080434
71.5909090909091,200,22.532717771158367
74.55621301775149,200,30.71983868339069
94.73684210526315,18,53.61851513869955
80.0,5,51.581885130366196
100.0,19,13.82882195323039
84.0,103,18.151714222958976
92.06349206349206,100,7.463691100491798
75.77639751552795,200,50.39533410075242
81.3953488372093,200,24.621177027575975
83.33333333333334,86,42.532849860270964
95.23809523809523,133,21.35444638518206
100.0,26,26.759187452955462
85.71428571428571,116,28.17080393898256
78.32167832167832,200,51.07800297059697
81.48148148148148,189,28.290577247751145
77.27272727272727,154,17.87241877669568
100.0,15,71.63026570455885
65.40880503144653,200,35.89996061524665
88.88888888888889,27,44.38057033934397
74.30555555555556,200,50.82981516772837
81.81818181818183,18,47.07515374795434
74.60317460317461,78,17.119765834968536
78.46153846153847,200,20.835627976252354
84.0909090909091,121,11.002704435873149
77.89473684210526,200,30.129649203564586
77.30061349693251,200,39.62419235785265
83.21678321678321,200,24.782208808884924
100.0,30,8.666707940994952
83.33333333333334,169,82.85157311937304
45.16129032258064,77,4.660633473845223
76.76056338028168,188,15.233159749447243
76.19047619047619,200,27.870704385178872
87.03703703703704,88,37.09121203127986
77.44360902255639,144,33.406293908069344
86.88524590163934,80,57.54318004682387
75.64102564102564,200,5.739017381218999
74.14965986394559,200,42.65271379652858
79.54545454545455,200,15.60536510816811
100.0,27,108.85658299889835
100.0,47,9.753656693710196
85.71428571428571,151,44.71153617653566
78.66666666666666,200,32.767497640463176
70.77922077922078,168,31.851209888657262
63.005780346820806,200,19.998950852749317
53.98230088495575,154,7.2501716739204936
95.65217391304348,33,66.44681519447732
86.66666666666667,148,14.044930989431297
74.52229299363057,200,37.17040530843894
83.15789473684211,124,20.896427571523077
64.53488372093024,200,31.341954881963442
71.34831460674157,200,37.899615705036965
78.57142857142857,200,14.33474150346395
77.41935483870968,51,4.7685396480903295
80.13245033112582,200,24.660979580858868
70.74829931972789,200,19.36278908123914
78.94736842105263,200,27.610301774580748
73.61111111111111,200,12.360754820386012
85.48387096774194,92,46.215312833126966
77.3972602739726,167,13.660477427501252
79.36507936507937,200,18.341369611595503
100.0,2,121.70939791893863
75.67567567567568,130,45.673592588118794
86.60714285714286,200,4.056102404693611
82.10526315789474,151,23.07270184674156
100.0,5,16.468687296609247
100.0,2,3396.6401806588765
81.13207547169812,200,28.047939044891898
69.81132075471697,200,26.71323084389552
69.56521739130434,200,23.83498157113932
93.75,46,51.66105562992562
97.26027397260275,146,76.48565324435809
76.66666666666667,200,26.523469639499464
75.30864197530865,200,21.885338577103393
100.0,8,15.44245644864445
59.87261146496815,200,19.122380967363018
71.42857142857143,41,2.035455770918698
91.42857142857143,112,18.38370796898371
100.0,12,8.64084534581721
77.10843373493977,200,32.27339555069038
77.44360902255639,200,49.43573988976017
88.88888888888889,10,13.483757657119865
92.85714285714286,121,51.531460833592824
100.0,2,207.0733626036403
90.82568807339449,200,1.392920203276306
80.0,200,37.43355175779183
81.08108108108108,92,23.96912442820287
79.22077922077922,200,55.18429626386474
91.02564102564102,120,54.07065747448859
63.41463414634146,200,14.819848578761071
85.71428571428571,8,9.362196311360744
69.38775510204081,200,14.080888049102253
70.58823529411765,200,33.27000874889464
46.42857142857143,39,1.5044079546503795
95.65217391304348,38,41.89526333591882
60.9375,179,13.312796542386941
87.5,83,6.165449643360259
88.29787234042553,130,107.90274677719215
77.11864406779661,200,27.820088138588737
73.20261437908496,200,22.369281868323874
93.54838709677419,200,17.80894324899607
86.41975308641975,141,36.338464794772754
86.36363636363636,200,19.16335741466661
82.96296296296296,199,6.404378506403513
66.66666666666666,200,11.3377856176952
74.04580152671755,161,31.53551730889805
77.62237762237763,200,66.42531451783469
91.52542372881356,74,209.30051642126682
95.3125,142,148.7248082556929
92.85714285714286,19,87.60135054709818
78.49462365591397,124,28.70132299066274
81.76100628930818,200,35.199920118075006
74.10071942446042,170,10.53521640062457
90.0,58,28.866412115778413
51.59235668789809,200,28.984162589809266
81.81818181818183,200,88.97106503542558
67.0103092783505,200,4.779304628131984
85.29411764705883,90,32.3653878193163
82.02247191011236,200,23.367831223293557
45.73643410852713,200,10.289342331818649
100.0,2,147.20449162322478
86.72566371681415,167,38.85792603134235
77.34375,176,119.40106055599321
78.41726618705036,200,27.630312401394228
92.45283018867924,85,40.77258510266305
79.83193277310924,200,32.184600702287796
77.11864406779661,148,25.499983074654892
77.88461538461539,135,17.35294779217581
90.32258064516128,37,31.758482221090617
71.53284671532847,175,20.256030058821562
78.47222222222221,200,43.93290206818861
97.22222222222221,50,50.62205833824661
72.97297297297297,200,39.31791900860972
67.05882352941175,190,4.731438016363669
80.83333333333333,200,32.36011053416743
73.46938775510205,200,46.59926532492838
77.12418300653596,200,36.38991879110753
90.66666666666666,136,32.270484189822454
100.0,13,101.75936530925786
84.87394957983193,171,19.44327696728278
100.0,10,26.84890347787194
73.17073170731707,200,20.201390103965732
77.5,200,17.806630145258993
63.580246913580254,200,18.908625373906126
87.5,52,73.43719230269797
70.39473684210526,188,14.077611030940174
76.23762376237624,107,20.28632926969403
77.48344370860927,200,35.48436217369675
71.61290322580646,200,39.601034825724625
84.92063492063492,173,54.754581620179515
80.0,9,36.91590832741098
88.88888888888889,34,66.78979700514247
77.30496453900709,200,35.32295297429527
72.22222222222221,200,35.32297579696943
92.85714285714286,9,3.713871929433701
64.0,200,7.473579147270866
75.47169811320755,200,43.98552016975881
100.0,42,154.73954819208186
78.29457364341084,200,40.06404142401121
79.1044776119403,174,28.52000466533881
72.26890756302521,162,19.007753716314774
79.86111111111111,200,43.67974949203778
67.05882352941175,200,22.762136462378187
78.3625730994152,200,62.35044728578973
80.0,200,18.866450513638927
73.23943661971832,94,1.199473007928604
91.66666666666666,200,98.23250251326618
83.87096774193549,86,67.11727692906426
86.66666666666667,39,14.341132743197111
69.38775510204081,160,10.994038084609583
90.625,34,9.656520455205474
71.7948717948718,200,45.528832609200514
81.0126582278481,200,47.86230247409286
81.30081300813008,185,55.52384907727447
94.04761904761905,122,24.228809573050683
100.0,14,40.834283437204014
70.62937062937063,200,26.883309645943854
84.15841584158416,137,19.90144538468708
89.36170212765957,78,32.30536226465503
70.58823529411765,141,32.632735635262875
71.52777777777779,187,17.01039160192013
100.0,53,26.866630551411152
73.21428571428571,72,12.56564680185546
80.3921568627451,200,56.56749381129737
68.46153846153847,186,19.611766172845464
84.70588235294117,121,24.03362106223758
82.82208588957054,200,18.708550720444432
83.33333333333334,95,41.8359858004511
100.0,6,136.54441923995324
77.77777777777779,87,7.272538546024939
78.46153846153847,200,26.730484496361772
83.07692307692308,200,21.63657492287126
69.23076923076923,10,2.4459579266612956
88.57142857142857,36,1.090815360339893
73.58490566037736,200,62.744676581075176
100.0,7,1265.3877104130138
72.09302325581395,200,28.275025242108015
76.10619469026548,173,31.166683997817067
91.8918918918919,55,69.68442444119607
83.33333333333334,200,24.49338315089295
94.28571428571428,39,343.9401335837754
84.50704225352112,137,65.27438538099904
78.89908256880734,145,17.7119650317507
94.28571428571428,50,21.19630200286507
82.85714285714286,44,38.29273879696715
93.93939393939394,81,51.257701664518926
83.33333333333334,71,23.905926126478057
82.14285714285714,124,20.231902763294766
90.0,25,18.681173117226383
90.0,12,30.09593212254813
81.25,200,28.924325967631432
100.0,10,119.57834207814693
84.14634146341463,112,50.73285778157767
85.85858585858585,128,83.45188224364392
82.35294117647058,200,190.95694515510525
65.18518518518519,200,30.41468697088213
74.84276729559748,200,40.44144382225268
74.32432432432432,200,24.641918058055023
72.25806451612902,200,23.050971372708393
77.61194029850746,200,40.7206813427616
90.82568807339449,200,258.84111884538567
82.89473684210526,200,32.33086705875633
83.52941176470588,107,22.52539024054455
67.42857142857143,192,26.680741790767247
78.67647058823529,178,30.169817417671673
77.07006369426752,200,18.23032000948337
85.8267716535433,183,26.665236773897902
80.62015503875969,180,41.14852067232566
95.23809523809523,18,39.206957179267974
85.71428571428571,200,44.204686881903434
74.39024390243902,200,34.93387923064345
81.57894736842105,45,20.74697799896673
66.08187134502924,200,16.5592313415702
71.01449275362319,190,14.773639846596021
79.19463087248322,200,20.374923508538988
85.27131782945736,200,38.49527429319822
85.18518518518519,70,58.871569423096936
76.19047619047619,138,12.502332998972388
72.91666666666666,139,19.649308084329512
85.12396694214877,200,34.493609287405036
77.35849056603774,57,18.485730729526395
76.25,200,26.576777126615266
83.9080459770115,107,38.51467619934103
77.16535433070865,163,42.50356970033317
81.74603174603175,146,28.358367529765697
77.77777777777779,35,16.178337625876715
58.152173913043484,200,12.728554968794676
87.5,7,19.997107166479793
75.55555555555556,73,5.554833902710389
89.28571428571429,38,92.27127372184862
94.23076923076923,118,68.25283270586759
71.01449275362319,168,44.11620913727709
82.0,64,18.95231733991428
82.14285714285714,200,7.727210233226667
79.36507936507937,84,40.041659850085786
84.84848484848484,184,52.461186032516686
100.0,47,68.13680706765703
90.19607843137256,69,6.09742357764873
81.67938931297711,172,43.40699081682504
70.41420118343196,200,18.78927163744155
73.4567901234568,200,33.88644015134581
74.83443708609272,200,15.125849499254302
82.25806451612904,200,53.12402063004288
100.0,44,36.30856220185644
79.71014492753623,183,57.91541499344797
75.4601226993865,200,45.90568516638741
80.12048192771084,200,35.58939205372877
100.0,20,2.909757221725422
88.67924528301887,70,43.58847973529214
79.59183673469387,200,75.46267280027797
76.74418604651163,102,30.59162205484868
79.76190476190477,200,18.02286278412153
90.14084507042254,102,73.71982395832191
82.45614035087719,162,38.271549073705586
77.3972602739726,200,32.768061855420726
66.66666666666666,200,17.586414505521475
75.49668874172185,200,25.78483386103909
89.13043478260869,64,15.457884777865443
83.47826086956522,200,32.54949837551706
71.58469945355192,200,21.217888743620605
66.23376623376623,200,25.29621575070211
69.36416184971098,200,17.89316152227186
77.77777777777779,197,13.555046672248038
75.91240875912408,200,39.593864657081184
94.44444444444444,45,39.59994295910316
74.49664429530202,200,14.901566170788918
89.28571428571429,70,16.44960239805563
100.0,49,46.46863420862526
79.8507462686567,200,70.92677108376408
72.04968944099379,200,20.10847445189166
69.56521739130434,172,14.628430274330233
75.14792899408283,200,15.832089294312661
84.070796460177,147,31.026810694972564
86.07594936708861,200,16.560428111185484
84.87394957983193,200,26.702646950620657
83.52941176470588,98,26.7176074310293
70.58823529411765,84,14.402038802779908
100.0,7,349.850933939752
100.0,23,39.003213660870294
83.92857142857143,140,29.27346559779341
80.74074074074075,200,40.98219934986735
70.44025157232704,200,20.335640528240845
80.45977011494253,108,24.97292663507528
73.78048780487805,200,26.908556387244175
67.08860759493672,113,6.689169337507463
92.85714285714286,64,15.216610266091646
77.20588235294117,179,68.3275595511742
54.83870967741935,110,7.067108347966685
96.875,55,75.4445100394139
86.27450980392157,200,38.03705594750834
96.25,146,53.04283673514376
81.81818181818183,96,35.59700136550637
61.07784431137725,200,10.555439115446786
89.65517241379311,26,110.1175800801038
75.86206896551724,200,16.992971519140873
100.0,7,47.08414595035234
100.0,7,412.35877097601826
78.28571428571428,200,12.74970165986819
86.66666666666667,24,13.856129175436918
67.42424242424242,200,21.7204490732889
100.0,2,46.404840469820385
72.5,200,10.155177825407726
76.51006711409396,200,13.523853263870262
79.73856209150327,200,41.45468820624681
94.44444444444444,17,125.5434970200537
76.82926829268293,106,8.29264049172453
68.67469879518072,200,20.974507348696402
71.85185185185186,150,35.337013552224434
79.02097902097903,200,66.56233016812695
67.32673267326733,200,20.47702540962651
100.0,24,6.4627872918094385
75.6578947368421,200,8.816629504496612
78.35820895522389,200,36.912814135389965
73.95833333333334,146,17.849655314552713
71.42857142857143,200,27.658670796974036
88.88888888888889,55,46.46852377244001
84.26966292134831,145,36.594435170639294
72.04968944099379,200,27.153997404152435
93.87755102040816,74,18.894794765839535
72.26277372262774,200,16.106108244279568
92.3076923076923,55,151.4719283050586
80.3030303030303,200,43.97716369132858
80.62015503875969,165,68.88568847856523
100.0,12,4.390367223488607
72.65625,167,14.80518272312607
100.0,7,9569.456587470015
83.47107438016529,190,16.65678776538095
72.95597484276729,200,26.091174391506357
55.81395348837209,51,1.9307194291192111
80.26315789473685,100,7.9295789045798335
89.74358974358975,43,12.82989585697536
80.26315789473685,96,40.106353078424554
82.03125,200,36.55383790001975
83.33333333333334,121,15.345025351769076
77.77777777777779,200,23.35854427741079
76.59574468085107,200,26.907435622773747
78.02197802197803,200,10.448093786415116
84.78260869565217,200,35.1151089286578
73.17073170731707,200,14.862834578393846
77.41935483870968,126,16.0333258250514
74.59016393442623,200,35.62647425226239
77.98165137614679,127,14.291936883368539
81.59509202453987,200,12.4138901971841
75.0,200,12.393315907977707
81.87919463087249,200,46.6064696904755
91.42857142857143,40,40.13470727173993
74.79674796747967,139,35.00807129981547
60.81871345029239,200,9.412809111023144
79.54545454545455,67,64.126906884121
75.0,151,30.409964513752094
67.74193548387096,200,20.3645263774787
80.24691358024691,200,8.457234933785374
79.24528301886792,200,33.03417287246864
77.41935483870968,193,25.07445080829124
68.83116883116884,200,17.063649048520777
74.39024390243902,200,15.921103563388419
85.40145985401459,200,70.86600829282503
86.48648648648648,53,30.50338675961827
95.23809523809523,23,143.33465763029892
83.16831683168317,132,20.24203613040177
43.58974358974359,200,2.9459512817370586
85.38461538461539,193,39.07551458738292
84.61538461538461,8,10.16480821376868
93.02325581395348,47,1.3297729553875095
76.66666666666667,114,40.29303716167123
88.09523809523809,44,15.132091736008144
100.0,15,152.7746966512698
71.7557251908397,200,26.117331332353054
75.59523809523809,200,11.80079156728006
80.91603053435115,200,33.68895449759746
73.24840764331209,199,12.137517986819827
83.33333333333334,62,54.459047968997815
77.33333333333333,200,32.75017295641818
71.85185185185186,177,20.078413910807576
72.61146496815286,200,24.772204717840566
61.95652173913043,200,5.99106950538526
76.31578947368422,200,26.185013591799578
80.80000000000001,166,90.62113881933423
100.0,14,8.202261418806549
87.09677419354838,150,63.762266286092164
78.48101265822784,200,22.59970917753531
87.95180722891565,172,31.430240019914734
77.35849056603774,200,17.945819863211266
86.66666666666667,12,52.08389095436541
78.3132530120482,200,13.734223653906882
79.14110429447852,200,33.69840354795022
73.74301675977654,200,42.56709880757013
69.375,200,15.388202116986584
69.18238993710692,200,26.21685503581365
71.33333333333334,200,12.18758829826503
92.85714285714286,50,1.797591161465981
72.52747252747253,121,35.03710700090805
81.0,200,9.422478919489405
79.12087912087912,126,29.84686849406107
71.25748502994011,200,47.96954703857432
92.0,60,56.78610965035886
83.09859154929578,88,51.193858639858746
77.31958762886599,118,16.856048279103256
100.0,27,18.13536373448723
80.59701492537313,176,15.168976024523861
81.81818181818183,200,62.34075721610821
89.23076923076924,77,62.55033364452494
78.88198757763976,200,19.20341580219768
86.15384615384616,101,44.21895184818042
85.71428571428571,11,2.7207087668617946
82.5503355704698,200,23.734646906822597
96.42857142857143,38,29.254114141483925
68.05555555555556,200,35.27587249860906
66.66666666666666,183,12.299901590153256
90.9090909090909,125,26.266169597342383
71.9298245614035,200,1.0070667118212449
52.21238938053098,200,10.70181122581785
77.61194029850746,188,11.624243827543067
55.46875,195,12.387086586509803
70.06369426751591,200,21.675118441641068
58.82352941176471,72,6.840566862757119
71.17647058823529,200,36.45963624683142
80.15873015873017,200,27.030251070354748
84.61538461538461,29,16.958351277092632
69.28571428571428,169,37.98425433549741
87.3015873015873,116,2.5831317960822178
76.0,200,63.6111163792182
100.0,31,30.169456829013217
77.30061349693251,200,22.545314577062104
72.72727272727273,200,28.55093266455557
80.76923076923077,178,26.203540736707836
75.47169811320755,116,15.523763428672709
100.0,5,1980.0622074660153
94.73684210526315,26,84.59186589910317
94.64285714285714,94,97.46132071971171
77.85234899328859,200,58.230163623009624
85.71428571428571,87,31.579035088487462
70.32967032967034,175,9.37882988461847
93.10344827586206,100,21.35949786744601
87.5,132,37.19917612009042
100.0,3,328.79511066674684
78.61635220125787,200,85.01689312584706
84.0909090909091,44,1.3905427534559078
94.11764705882352,62,39.116064802241794
83.33333333333334,161,74.58355110396842
80.0,180,61.52894505779625
78.94736842105263,200,140.8736001098343
65.69343065693431,156,26.258790857940518
81.56028368794325,200,26.755560541359333
100.0,39,93.64398170698313
77.86259541984732,200,24.603142505024334
80.64516129032258,26,21.6860309340465
86.36363636363636,53,1.0404910932500888
76.25,200,32.67248477232793
80.8080808080808,104,43.19899552826858
76.63551401869158,137,74.60557925923312
77.47747747747748,147,29.086887754391665
74.11764705882354,107,21.224211005562886
74.17218543046357,200,51.56286904119422
86.95652173913044,18,8.134026919247527
71.7741935483871,200,29.959251665259522
87.87878787878788,113,20.557144534389725
40.38461538461539,200,6.063806160710762
78.94736842105263,200,67.89330112405233
81.37254901960785,130,12.693110915029438
92.3076923076923,13,34.039290081130076
100.0,11,40.62076812969987
81.81818181818183,40,22.75734185277181
82.85714285714286,91,27.419899695687498
100.0,5,5.751073866019717
100.0,3,460.85406734988305
78.83211678832117,200,21.11678236552812
58.857142857142854,200,10.441742745460814
82.53968253968253,75,16.095328045609886
71.42857142857143,32,16.224077685979204
78.33333333333333,97,15.475159397910273
94.02985074626866,92,50.25883349422091
66.33663366336634,163,14.209840598553484
81.70731707317073,94,34.160643250823426
95.23809523809523,33,33.927873233320824
86.52482269503547,200,107.36979287969187
100.0,5,386.2634691140633
86.20689655172413,31,77.79763327007238
93.33333333333333,11,193.77890109845444
92.3076923076923,36,39.34378400837914
75.79617834394905,200,20.147684013699177
75.7396449704142,194,14.448127247070973
75.16778523489933,200,49.12818591949569
72.54901960784314,130,12.511311009558598
72.56637168141593,131,36.32272131886456
79.2,160,18.543771366303023
84.26966292134831,129,67.22633239353254
52.5974025974026,200,2.9877674217025834
78.32167832167832,200,38.54907173403971
77.11864406779661,154,82.17786806302192
81.87919463087249,200,37.2294710395378
84.61538461538461,20,13.330372716002056
91.66666666666666,64,5.8520411166830275
72.12121212121212,200,17.045490543414868
75.0,22,5.962286677131449
89.39393939393939,157,21.742197516064074
91.80327868852459,75,98.76529364456886
75.0,36,34.96721638054088
79.54545454545455,115,28.351192748584694
76.19047619047619,200,38.86522586039708
80.18018018018019,148,84.24760354716383
96.66666666666667,96,42.6120532902508
81.81818181818183,54,27.53888726919599
83.87096774193549,95,33.23855578354568
80.0,200,28.126635622850365
79.26829268292683,107,2.4279898442747507
89.24731182795699,134,14.053410795898856
67.6056338028169,189,47.15150192736519
95.83333333333334,73,84.19247723565344
80.28169014084507,157,17.634458392418324
93.84615384615384,181,21.79746473657158
83.33333333333334,61,13.432642924811963
80.12048192771084,200,37.56649637717392
81.75675675675676,200,49.69034527460592
78.57142857142857,130,23.25490781043931
89.65517241379311,73,25.482936234534485
75.77639751552795,200,49.0925161714641
79.5774647887324,172,22.065984710450103
82.06896551724138,200,58.682348222447274
77.37226277372264,200,32.68756129435584
75.80645161290323,65,6.128237058859004
97.72727272727273,46,99.86907287749287
94.44444444444444,61,9.700605856439296
73.61111111111111,90,16.159407989264615
84.92063492063492,191,22.064984961232085
79.87012987012987,200,38.07546221569237
82.17054263565892,200,24.253219020618673
82.85714285714286,88,26.798174464336462
100.0,13,50.65704157967917
74.69879518072288,200,30.47049403568348
76.47058823529412,168,33.24880640018837
73.13432835820896,99,14.581410808213343
77.21518987341773,200,17.737717288040812
80.72289156626506,200,26.760549210781196
72.35294117647058,200,19.53541734265921
82.51748251748252,200,30.11771271639923
100.0,5,191.4061082943011
92.0,200,45.78135076277218
91.8918918918919,126,86.3219998609329
83.83838383838383,200,41.85031709371129
71.25748502994011,200,27.55198328410405
61.32596685082873,200,6.671631624709913
72.41379310344827,200,28.374089617311384
76.25,200,24.10206693362769
96.0,29,46.69767101657347
37.755102040816325,148,2.330408769702731
86.95652173913044,48,106.02481309564376
77.56410256410257,200,28.138701744482468
77.1604938271605,200,21.844953817280466
81.37931034482759,191,23.80559582342603
78.343949044586,200,18.621665533804993
100.0,6,176.52228554443292
100.0,117,31.118743393283218
100.0,3,32.2148756261071
89.65517241379311,32,12.682186874943566
85.22727272727273,122,9.210389405095038
65.3179190751445,200,19.115545818048048
79.41176470588235,168,40.52380331473877
86.5546218487395,154,11.953249619333697
75.49019607843137,117,12.520322086723196
82.80254777070064,200,98.58377966335874
82.35294117647058,200,42.72948205367579
69.76744186046511,200,19.342050136027634
90.69767441860465,142,49.80489077130101
84.61538461538461,75,67.7846753574488
90.9090909090909,10,7.381462898662611
71.08433734939759,200,50.38140526128651
73.91304347826086,200,6.753327349506166
76.19047619047619,170,14.614991689113541
82.35294117647058,166,55.34595384128294
100.0,3,301.7284176806115
100.0,3,45.2644490188469
44.06779661016949,200,5.128553564740953
72.04968944099379,200,5.133087381259046
94.73684210526315,177,13.423966877798748
72.84768211920529,200,21.050412958912503
71.68141592920354,200,11.915497522806266
95.65217391304348,19,21.759918846744114
85.29411764705883,48,72.950619894732
72.88135593220339,200,34.54873511452385
80.0,200,25.943559696075052
72.51461988304094,200,29.092469679208122
69.0909090909091,200,19.29888258996836
55.04587155963303,200,7.581320075420807
80.50847457627118,166,24.5421707394697
74.69879518072288,200,43.766335975209586
84.61538461538461,36,15.456547888621142
91.30434782608695,21,508.80808393922655
83.33333333333334,14,120.51155768013746
90.9090909090909,60,21.344820518872297
75.0,192,34.541977130275704
100.0,112,22.895299525632677
84.375,66,14.002823349978465
70.65868263473054,200,14.617690737959038
79.33333333333333,200,17.047158921949286
84.72222222222221,85,108.9769777121884
81.33333333333333,145,41.01825144448199
85.36585365853658,133,58.60511675835969
69.00584795321637,200,43.14302018891977
69.41176470588235,190,16.899634519002436
72.51908396946564,176,17.828737580593987
72.5,145,18.63469569999701
59.61538461538461,200,3.7406729653296487
72.89156626506023,200,30.73883446897454
72.97297297297297,180,14.330250258889798
88.88888888888889,36,17.302917678784457
76.36363636363637,89,18.404435951791328
72.09302325581395,155,16.137646917225407
77.27272727272727,200,28.83659006499347
83.45864661654136,200,14.149877009457631
89.28571428571429,69,34.715781100447096
87.5,64,29.846197189316648
76.04790419161677,200,38.30629123862286
100.0,8,102.83974635679675
74.22680412371135,110,12.585309609338966
72.5,200,22.21834454907578
100.0,15,8.109562326535876
84.48275862068965,128,11.471280757731188
90.9090909090909,40,28.090310237843397
69.5364238410596,200,19.24187878363672
94.73684210526315,21,1.3131972900545046
81.13207547169812,59,1.0001604564525164
76.72955974842768,200,24.780156740080105
81.25,17,21.155315264441345
94.02985074626866,108,15.245987507204688
83.5820895522388,82,8.5439328704655
75.52447552447552,196,34.95582736033266
75.67567567567568,200,47.58327626036995
79.73856209150327,200,33.72450118357211
88.88888888888889,63,47.23558358132945
68.82352941176471,200,16.571704068191647
68.75,175,6.089447702140966
78.04878048780488,200,12.670672734983368
74.39024390243902,200,28.28491253486386
94.11764705882352,11,18.614814422120475
83.22147651006712,200,34.91819021759683
63.41463414634146,107,9.662898692131519
86.56716417910447,200,82.09692154684548
82.6086956521739,74,4.816081867697042
100.0,6,7.442821353183356
83.80281690140845,200,46.76145931655051
63.63636363636363,5,3.6091615739420306
80.48780487804879,200,41.44918915618101
84.0,79,13.67135235864721
42.30769230769231,31,1.6587328298035666
90.9090909090909,107,39.44229619261636
82.94573643410853,151,35.19097111261665
100.0,8,8.004647219412089
84.46601941747572,200,12.74077842058784
76.0,200,26.505930053008893
93.33333333333333,13,11.343281386473045
91.66666666666666,8,28.70069090968171
100.0,39,43.532705141076036
61.46788990825688,184,60.30524243825524
75.0,200,21.725682067396026
86.13861386138613,113,19.005631956892007
85.36585365853658,168,24.912673068119247
76.92307692307693,200,11.820122787527298
100.0,5,130.13541640685602
82.26950354609929,200,72.27334034997398
66.66666666666666,200,23.165030721737978
68.51851851851852,200,16.284486060882287
68.18181818181817,200,15.351569344030763
73.33333333333333,200,13.856139581650512
72.77777777777777,200,27.80469117814769
71.53284671532847,200,74.4310151307562
64.34108527131784,200,20.902468466805114
70.62937062937063,200,9.437414946124651
81.04575163398692,190,38.32269220141409
75.59523809523809,200,24.6027358879205
88.13559322033898,81,27.39086932911302
70.58823529411765,200,10.28705088430612
94.33962264150944,63,11.58194008935822
81.87919463087249,200,21.80185432735199
78.57142857142857,113,9.638519066703367
100.0,8,694.6595051763691
93.22033898305084,200,213.93666181749867
94.73684210526315,17,1.485825504129456
74.35897435897436,200,36.84557622564334
73.07692307692307,200,16.168222517548855
69.56521739130434,200,14.81369805001738
83.92857142857143,85,1.352568618328575
59.63855421686747,200,11.25436122254584
79.26829268292683,200,12.60555587300435
65.38461538461539,200,14.550920127110013
91.8918918918919,66,28.863769013530558
76.31578947368422,200,45.236787619190096
79.14110429447852,200,15.808268906185077
85.9375,115,73.74394138460414
46.21848739495798,126,1.0244790294414519
70.06802721088435,200,26.779333147246884
88.23529411764706,93,13.730827088454369
74.11764705882354,195,16.612929136158613
82.39999999999999,171,35.238252186067896
74.09638554216868,200,24.187540623159784
100.0,19,10.757749605063317
71.89542483660131,200,37.12279858421486
65.0,33,12.1195544582828
88.19444444444444,200,26.978630951670407
85.0,46,12.136967843496107
85.15625,200,60.497620515860994
79.33333333333333,200,33.09489982355122
73.71794871794873,182,41.36657516984484
77.51479289940828,200,36.839745862318004
78.21782178217822,200,10.326175827782444
75.59523809523809,200,47.0841293362672
73.5632183908046,200,29.25094426431946
96.55172413793103,35,47.16398941903931
74.01574803149606,163,50.17426519985491
76.62337662337663,200,40.27819146614879
84.39716312056737,200,42.377428844396
82.08955223880598,70,87.81481633882179
86.86868686868688,200,21.954217135280643
77.27272727272727,147,18.431681331409663
61.53846153846154,24,1.7655169495383365
81.03448275862068,61,9.10878537334593
68.30601092896174,200,17.52980321837985
97.61904761904762,95,55.86046237232399
76.05633802816901,85,42.22156019700921
61.111111111111114,29,40.79696360531555
77.48344370860927,200,90.66791669806526
79.51807228915662,96,37.83926528022049
61.8421052631579,200,24.174771430942553
97.2972972972973,79,72.58792676939673
76.68711656441718,200,26.99917120737066
87.2340425531915,200,5.629894113050278
75.0,124,11.948303495021163
100.0,4,103.7846057301945
86.41975308641975,99,5.687196341538933
64.1025641025641,178,30.704326274347952
84.46601941747572,117,48.022744647976985
77.03703703703704,165,32.61680412782472
79.59183673469387,200,36.96840077749168
90.54054054054053,133,25.96938760851225
71.95121951219512,200,20.720150815991175
100.0,32,60.569750568699654
44.84848484848485,200,6.690234480447905
81.56028368794325,200,36.54395891035433
77.44360902255639,200,52.30041439151666
72.89156626506023,200,59.21212807972376
78.02197802197803,102,25.37144851743819
66.66666666666666,200,16.894317891275655
37.2093023255814,200,3.1644759548878154
89.39393939393939,108,14.215542955460318
71.60493827160494,200,21.453575125777302
85.71428571428571,7,7.5910674896001815
83.47826086956522,166,54.25128058611456
72.32704402515722,200,10.304222015919084
70.73170731707317,200,10.253908268937757
83.33333333333334,78,42.215787525458545
80.76923076923077,25,40.18154544366817
71.26436781609196,122,12.423235099155315
95.45454545454545,21,78.92494589874607
82.75862068965517,69,17.54275585363783
75.91240875912408,200,21.685285946748103
100.0,37,44.09341225119914
75.52447552447552,200,17.02534386802385
80.3030303030303,164,26.027275546047143
90.47619047619048,179,67.41726110148248
62.5,200,7.43009689651646
77.27272727272727,46,126.07586970691185
79.52755905511812,200,35.11628614858044
79.11392405063292,200,24.685212167823597
90.0,102,51.192442927881196
100.0,5,27.145155012601517
88.73239436619718,79,77.59783593660637
83.72093023255815,172,23.967933220533876
50.943396226415096,60,1.447167266990004
75.3731343283582,161,35.70763655030838
76.92307692307693,200,15.830902584355298
89.0909090909091,56,12.038017468111411
84.26966292134831,122,31.458818264965668
84.95575221238938,165,16.697907821567725
100.0,36,73.25685908698853
85.45454545454545,131,45.61451020512795
81.64556962025317,200,24.444506288119715
58.333333333333336,89,22.064257080065847
90.69767441860465,48,32.35157819235888
77.21518987341773,200,19.255328883061892
95.83333333333334,92,106.29527899768969
68.6046511627907,115,17.80673738333469
89.36170212765957,48,95.84097406476637
61.904761904761905,43,1.3196901554617766
79.64601769911505,200,30.53100569186188
53.90625,200,20.21654442924531
86.13138686131386,200,31.13615336895562
100.0,10,54.919801481983285
77.31958762886599,124,26.47651604989568
60.46511627906976,55,16.57692561556132
81.42857142857143,200,28.192353101951102
82.80254777070064,200,79.7349279956885
78.70967741935485,200,32.211720349522054
80.3680981595092,200,28.282595174937935
77.41935483870968,200,51.5921944109028
76.70454545454545,200,23.411854518639363
73.78048780487805,200,19.933760771121555
74.79674796747967,200,48.744614284153094
94.28571428571428,40,104.10957643118552
76.28205128205127,200,24.91840583207771
79.51807228915662,97,30.293373035794563
88.88888888888889,76,34.58723276680887
87.2340425531915,49,35.60785661308598
79.43262411347519,171,7.2904201932782815
100.0,29,43.288927328866485
66.875,200,14.517043657458487
83.33333333333334,200,34.985197587764894
80.32786885245902,200,27.561002946675153
54.19847328244275,170,21.575964402520537
71.3375796178344,200,21.94831689074517
84.61538461538461,162,64.12838718061316
86.0,88,8.590765631012266
75.9493670886076,99,1.6961320135306148
74.84276729559748,200,31.817531721164123
72.25806451612902,200,18.0892488177056
100.0,6,2.9412585078739366
73.68421052631578,200,25.70253560541173
76.10062893081762,200,23.18995859033416
100.0,20,62.59224764213541
79.12087912087912,107,32.93466084107383
95.23809523809523,23,38.41529558230509
76.81159420289855,200,21.09697851297462
69.93865030674846,189,15.545064615103561
49.43181818181818,200,1.7817969123399655
64.93506493506493,98,16.16561414863095
73.13432835820896,179,12.699193044427773
73.2824427480916,160,8.513982385986719
89.33333333333333,88,22.937479924975182
86.95652173913044,75,24.01591653318608
64.77987421383648,200,17.0498486426716
77.20588235294117,200,33.49345463353284
100.0,15,3.768242294420519
81.25,13,75.57345371899042
90.0,22,175.4786419013242
75.75757575757575,200,31.306584775476857
75.88235294117646,200,62.92322580244612
73.93617021276596,200,63.5522825616868
79.65116279069767,200,57.80693371123518
74.19354838709677,170,16.94669119284128
69.73684210526315,200,10.602079563199712
97.61904761904762,65,40.5631538251625
73.29192546583852,200,12.933731742036873
77.41935483870968,200,85.8725225522025
86.40776699029125,200,19.754244084423437
89.36170212765957,56,26.20544215707981
100.0,12,30.48866518020157
63.35403726708074,200,8.16701751006445
90.9090909090909,20,28.45511605252212
66.89655172413794,200,3.2334957607161305
77.84810126582279,200,33.295099784643895
93.5064935064935,110,66.21916916423653
92.6829268292683,53,16.879935478221984
90.0,118,33.36240962517868
90.19607843137256,138,61.63989272045461
82.55813953488372,127,17.799146304996576
72.45508982035929,200,20.7543734135471
73.61963190184049,200,20.33040925021065
81.88405797101449,200,27.21784653983815
68.07228915662651,200,15.261266388339273
96.66666666666667,80,19.126905072128835
73.02631578947368,183,13.289055190126634
77.8409090909091,200,24.293877208834676
81.9672131147541,68,15.881991559569254
81.95488721804512,163,40.32123187670268
79.48717948717949,159,15.252072764298555
79.7872340425532,158,18.955218543290506
100.0,5,3.3752930914855153
82.97872340425532,198,33.282888640944556
78.01418439716312,200,39.93176374434081
68.61313868613139,171,8.085228516448407
73.68421052631578,200,19.060422215800923
75.23809523809524,177,22.7947236461092
74.84276729559748,200,25.01065804542123
68.8,145,15.839954066662566
80.32786885245902,83,12.96308215588463
94.33962264150944,93,50.350046036781734
79.8780487804878,200,19.288415233326813
80.45112781954887,176,18.685163233833702
78.08219178082192,77,50.63049909534748
77.85234899328859,180,20.061269310084068
90.625,35,11.848839016152448
74.48275862068967,187,12.9720979448807
68.42105263157895,200,27.26737947687811
79.45205479452055,188,27.610621200928506
97.77777777777777,58,190.22994735436987
85.41666666666666,65,37.28032206977444
83.87096774193549,200,45.39514328546148
90.2439024390244,39,40.72263238080193
91.48936170212765,145,49.780306628207896
78.04878048780488,200,28.768045343615274
96.15384615384616,27,40.14520306061108
87.8048780487805,68,43.35278117293626
69.91150442477876,200,15.614868240698947
79.06976744186046,167,23.49250749900461
66.66666666666666,200,6.221270375549927
78.37837837837837,78,23.298973396417928
100.0,5,92.2465860650388
100.0,22,180.66281353623714
67.05882352941175,200,19.191165166562286
73.88888888888889,200,24.763194452014613
80.3921568627451,200,15.565094388934487
78.48101265822784,200,37.480235161507665
83.87096774193549,25,11.002232654843858
100.0,8,41.58453845629358
70.98765432098766,200,20.32249583544565
100.0,13,10.427737924728008
67.64705882352942,116,139.6728618324401
82.52427184466019,145,15.629679598169197
96.55172413793103,30,61.51064169541836
74.64788732394366,200,7.713861727331675
100.0,14,50.65717841486236
77.57009345794393,134,12.463551198014402
90.47619047619048,45,19.841960306035634
85.13513513513513,200,48.22149448667977
76.47058823529412,200,23.865651055353112
72.37569060773481,200,24.174998580004246
81.81818181818183,200,10.440683390150088
75.67567567567568,90,1.341734625365945
85.0,62,67.93982535986265
76.19047619047619,191,9.097106732067974
100.0,9,24.431845057408864
79.3103448275862,200,26.68398175996756
78.94736842105263,200,62.11696551642118
76.36363636363637,200,31.318308398584993
77.98165137614679,127,40.91638167103054
95.65217391304348,24,8.621007734572677
81.42857142857143,165,14.949854295839613
95.83333333333334,42,69.8996482341226
84.50704225352112,92,80.9449970959531
77.77777777777779,200,23.00721987949042
79.08496732026144,200,19.149721176671537
71.8232044198895,200,23.39920450720451
79.72972972972973,200,41.01240407660119
90.0,61,10.171131248821224
90.47619047619048,21,56.31883464915878
88.07339449541286,200,47.65111016428607
84.33734939759037,102,10.749158464060468
74.59016393442623,142,18.79113395776459
88.1578947368421,103,71.73467619573286
66.66666666666666,42,20.58064740983022
91.25,123,33.601338354361545
37.5,200,6.020189241582222
71.875,200,45.08533699963832
100.0,20,65.17711478063457
82.14285714285714,41,158.7273959120533
46.715328467153284,200,1.051515300718251
90.0,19,74.79841716176196
75.43859649122807,61,27.414832958234495
76.92307692307693,200,42.07036491930677
62.601626016260155,200,54.65671201561721
91.11111111111111,52,13.685183495657999
75.57251908396947,200,22.15101622543813
80.91603053435115,177,2.6854828085564924
69.23076923076923,156,16.777252317432342
80.0,43,8.750496215016021
78.61271676300578,200,28.645507687995927
80.14705882352942,200,34.546741556329934
75.25773195876289,124,21.896687436448644
78.84615384615384,123,97.39662812506684
77.21518987341773,200,24.066934828148238
73.07692307692307,200,7.486494344417963
82.85714285714286,117,19.68581541681788
70.27027027027027,49,24.647519055538787
76.5432098765432,200,13.281767290503765
85.96491228070175,77,21.876772361561702
77.63157894736842,200,24.102418672147817
73.88535031847134,200,33.471204788127636
100.0,31,18.283417048473677
65.76576576576578,200,9.767921274773435
76.85950413223141,200,16.92157087933398
82.85714285714286,69,30.40021176344901
89.24731182795699,200,40.33094318068476
93.61702127659575,65,25.987395937653297
89.58333333333334,50,25.452286506529163
95.0,19,123.97501513220654
74.0,106,47.211124462638345
77.63975155279503,200,47.40442367861821
100.0,12,863.2901196431194
74.14965986394559,200,19.845732734420043
90.69767441860465,58,23.399192987936686
87.8048780487805,61,32.853823872425046
85.36585365853658,45,8.077741308247951
100.0,28,27.711928521692883
93.02325581395348,76,38.38140753767155
71.02272727272727,200,12.204263197989686
74.07407407407408,200,19.761381583303386
71.50837988826815,200,34.50237676836257
94.11764705882352,33,17.742205718200747
70.1219512195122,200,33.43891127439264
77.48344370860927,200,30.367259775370652
78.26086956521739,137,26.300893207621872
74.23312883435584,200,14.450572712986014
79.45205479452055,200,15.792276378287163
91.30434782608695,21,22.23884919308992
88.78504672897196,160,93.04083881360599
78.2051282051282,91,27.099411425790052
82.92682926829268,98,36.942922636483445
84.93150684931507,95,23.013423706827297
77.57575757575758,195,18.740557891486382
69.07894736842105,200,32.11272753861228
86.95652173913044,24,101.42754199335772
100.0,7,84.25431039262729
46.51162790697674,95,12.07335784964557
76.92307692307693,96,11.196752924758881
84.44444444444444,41,25.712611358995286
68.57142857142857,200,21.855472207754158
87.5,81,8.474599929581233
79.48717948717949,120,55.278487074528734
84.84848484848484,86,17.848131197464504
74.56647398843931,200,19.234470559279384
84.34782608695653,200,25.914727332505343
79.26829268292683,200,18.88879344233182
65.95744680851064,200,5.102960428579949
81.03448275862068,60,12.626621303987632
77.89473684210526,135,39.83525748452486
71.8232044198895,200,17.64422770344457
73.80952380952381,200,16.781383105587032
71.31782945736434,161,8.458066606373828
68.50828729281768,200,26.317348855373943
83.33333333333334,54,25.239167219686383
81.25,81,6.441541829429549
82.41758241758241,135,53.65796730144792
69.75308641975309,200,21.34420073834392
64.81481481481481,200,19.72805686032805
82.91139240506328,200,37.70553165008978
65.82278481012658,200,10.297088604930009
100.0,6,95.13377160507473
80.37974683544303,200,31.747638090413467
75.79617834394905,200,48.69380664617979
93.61702127659575,97,40.29080010193828
79.06976744186046,47,7.516915040004933
79.19463087248322,200,40.4260303727775
67.64705882352942,200,11.233383008245324
86.66666666666667,67,32.45735303008533
69.375,173,21.581897714929056
76.05633802816901,200,28.02968866498375
84.78260869565217,66,33.52947426478366
73.33333333333333,200,5.262716093917999
84.54545454545455,145,61.076898833273795
80.41958041958041,200,18.958718837677548
70.44025157232704,200,27.812005025915628
92.0,44,1.4989567342080292
86.20689655172413,200,8.179266082103613
87.6923076923077,200,38.023312215103786
70.52023121387283,200,22.52935753786151
74.23312883435584,200,24.975246248555326
100.0,6,13.67238984187483
72.67441860465115,200,33.83767514567087
87.3015873015873,80,34.46370414067682
95.1219512195122,74,19.236105917472226
80.35714285714286,133,35.28209289845977
86.07594936708861,116,32.73808029150126
81.29032258064515,200,32.364721496982284
100.0,7,7.7054952325703105
93.75,20,42.02923950734094
82.92682926829268,47,10.357350605982893
91.80327868852459,112,39.487486357645274
75.14450867052022,200,17.37494565187631
71.7948717948718,197,20.22245209899086
93.33333333333333,25,40.535425839592776
79.87421383647799,195,46.083441168125
90.38461538461539,58,57.51183138776756
100.0,9,109.8554950810305
92.85714285714286,200,8.522360081895428
72.5,200,26.633234938442826
66.07142857142857,200,13.050964294707837
76.66666666666667,200,16.422627727537307
100.0,34,51.23616061378118
86.56716417910447,71,18.490013471457907
83.07692307692308,70,38.251837781907874
96.0,30,33.48300090002687
71.97802197802197,200,17.228412094218058
95.23809523809523,75,17.708566177646855
80.99173553719008,200,42.272246585277955
79.64071856287424,200,19.42329616442474
71.69811320754717,59,5.243341151455445
69.5906432748538,200,9.333959605802313
76.42276422764228,200,36.99933341317139
84.88372093023256,105,36.52084828901728
81.89655172413794,200,30.75634561595511
91.66666666666666,52,30.230718995915414
62.745098039215684,200,12.935683587959293
87.77777777777777,119,25.996104076416927
74.3421052631579,200,35.779949671532066
91.66666666666666,6,35.12333156697073
65.07936507936508,64,35.354373962321716
75.14450867052022,200,56.6451626062672
77.18120805369128,200,28.66691042431754
90.625,40,21.21981206213558
90.9090909090909,58,17.381046762840267
85.71428571428571,19,44.54062533023248
76.82926829268293,200,14.87361159228711
71.42857142857143,200,15.806890686139036
73.72262773722628,200,11.692459413797403
75.86206896551724,50,44.46277485379183
91.30434782608695,95,36.22410592473371
92.45283018867924,76,41.758438800162985
100.0,5,5.871448440725663
100.0,7,9.65304713135295
81.81818181818183,200,25.812745707394274
74.32432432432432,200,18.547542496434094
100.0,12,2.549618151673177
78.1456953642384,200,21.05086997667087
100.0,16,128.88125636095265
74.07407407407408,130,31.707489431235356
74.09638554216868,200,25.733455294818015
77.12418300653596,200,26.605979111644878
66.0919540229885,200,20.311541910149515
77.95275590551181,143,22.190120896798685
87.61904761904762,144,61.187227132301054
91.93548387096774,60,38.068485552591156
96.7741935483871,25,3.552266429735711
95.0,14,17.678884446974937
75.44910179640718,200,29.980993219271415
100.0,64,2.6115200306343724
68.48484848484848,188,15.15267947640265
71.1864406779661,200,30.201535815926658
100.0,45,4.7840918987923295
85.71428571428571,17,80.70125597988489
76.57142857142857,200,27.98197517890451
76.68711656441718,200,22.60381993251237
86.23853211009175,184,62.987653959097464
45.23809523809524,70,2.802520409379784
92.15686274509804,48,47.01524000326988
58.71559633027523,187,19.56471727662819
100.0,8,226.858487461234
83.75,105,34.08150249736627
51.5625,97,6.314647044217693
80.625,200,26.863113720051146
94.11764705882352,12,64.9193784423097
73.00613496932516,200,28.5998795793626
75.0,60,15.8448561132892
69.6969696969697,200,12.538179005931523
96.42857142857143,44,60.96888264693134
79.03225806451613,200,6.58856073481358
73.4567901234568,200,42.31204742448782
91.37931034482759,71,22.931784542234862
81.65137614678899,200,60.5234029923171
84.90566037735849,134,8.99890752323366
66.88741721854305,200,24.709425442904486
68.22429906542055,200,20.366863309961563
70.28571428571428,200,17.830893253624314
88.75,122,29.102636208424254
79.16666666666666,34,5.7263219476888265
84.61538461538461,47,116.10341651439725
78.72340425531915,200,29.41354410690047
85.0,41,21.2045536743227
73.86363636363636,102,16.037821476206354
83.44370860927152,200,27.63685780535163
76.66666666666667,67,39.64954873869268
72.02380952380952,200,30.06232836545685
85.96491228070175,78,22.082551299432083
82.5,90,75.49550704335178
76.19047619047619,182,42.17030900641059
74.24242424242425,164,11.586878087012217
83.01886792452831,141,15.567858915346187
89.39393939393939,85,27.27533684054808
78.125,199,36.14705839239852
78.75,200,14.265679491062258
80.20833333333334,128,18.808403913055187
88.46153846153845,61,56.9670440087966
73.71428571428571,200,29.470378750220014
79.62962962962963,200,11.729896108505773
95.16129032258065,74,61.128179838119905
86.95652173913044,81,10.87479375948888
74.19354838709677,124,17.66198721620158
76.77419354838709,200,18.27918651066075
85.71428571428571,69,26.677977261786307
85.43689320388349,200,44.41289875073173
86.36363636363636,200,11.657487968228272
53.289473684210535,200,6.377669485986097
57.8125,101,9.082715526726007
75.48387096774194,200,28.952732240738904
85.60606060606061,200,84.15441813561897
74.21383647798741,200,22.257107536771993
85.18518518518519,38,9.645322714768197
72.04968944099379,200,14.94453347536563
95.0,61,13.651163104275515
80.0,85,25.496302477240366
70.65868263473054,200,27.78643438296488
75.72254335260115,200,21.607409726369355
66.66666666666666,200,19.097583260602168
85.91549295774648,106,34.04814563423763
53.74149659863946,189,3.878387714629312
79.86577181208054,178,52.79567877936685
62.758620689655174,200,22.631965354626946
82.75862068965517,98,20.42592115098503
66.99029126213593,183,7.010767490152272
81.13207547169812,136,36.182430625114044
97.22222222222221,38,1.5390448642274204
75.75757575757575,200,29.40058707596351
84.21052631578947,22,52.01584149190736
74.24242424242425,179,10.614112906670318
65.86826347305389,200,12.650900734155703
74.80314960629921,133,41.24670844647728
76.14678899082568,200,5.131767779753688
84.61538461538461,200,59.665155521879875
77.6923076923077,185,13.990951838282589
66.07142857142857,111,10.550647494297364
81.17647058823529,112,6.951924282580289
89.1891891891892,200,58.56503613587692
100.0,13,6.924534097269149
75.96899224806202,200,19.304258336557623
92.53731343283582,136,21.325404620118235
64.61538461538461,200,19.744538767450685
90.56603773584906,88,19.957715630020658
73.61111111111111,134,25.044383240601874
71.7948717948718,200,34.925351742366004
77.33333333333333,200,15.488803998138016
67.3076923076923,200,4.5161839651567375
74.17218543046357,200,17.099234626180454
100.0,36,142.99839851937253
90.32258064516128,112,54.546765069132825
74.78260869565217,180,39.89875853559902
71.16564417177914,200,8.176137002459393
79.46428571428571,200,38.586516101045305
76.8,159,59.102124720605666
69.79865771812081,200,15.924331229465663
76.77419354838709,200,56.708082603910846
72.88135593220339,200,49.120249080115784
74.6268656716418,200,11.574102515858078
84.070796460177,147,45.2769050088579
75.53956834532374,183,59.424647661475134
82.6086956521739,42,16.607454637881606
79.62962962962963,200,23.859403213065445
67.44186046511628,47,11.757914786882793
100.0,20,116.42869650129923
70.70063694267516,200,25.755340742331327
79.23076923076923,158,13.448720722857322
86.8421052631579,200,58.97005255769864
78.2258064516129,200,26.896755995579394
86.95652173913044,43,12.466257311417746
93.10344827586206,21,28.52780793505062
79.81651376146789,173,12.361503854326036
70.74829931972789,200,7.793725054007809
89.65517241379311,68,17.6467669137961
83.06451612903226,200,32.92091520263065
91.30434782608695,17,150.6609890661194
71.51515151515152,200,14.204746326347955
100.0,19,5.053766599747899
85.07462686567165,93,77.50309952113628
92.45283018867924,63,53.91854568431402
70.55555555555556,200,37.161728715294664
88.54166666666666,144,15.828889987822537
71.83908045977012,200,17.745518465659483
89.33333333333333,200,19.65086048776179
67.21311475409836,200,19.43104456083418
66.47058823529412,200,7.522484532895945
74.55621301775149,200,12.605220595182018
74.84662576687117,200,18.123915607089888
73.78048780487805,200,18.15401246473351
74.15730337078652,200,41.80372553298241
76.38888888888889,200,31.927582979942272
82.03125,200,38.94680065106259
93.75,35,12.88315567201602
91.66666666666666,14,5.749807364421224
73.37278106508876,200,12.70269008072079
90.0,146,27.67821963603803
89.28571428571429,174,5.210930887808487
77.77777777777779,200,70.33697678142025
71.42857142857143,111,18.783071427987654
73.79310344827587,200,10.59133269581294
73.80952380952381,200,26.448751875424048
89.0909090909091,56,22.590609178586245
66.85714285714286,200,32.9302540396539
72.36842105263158,179,40.22252651978077
80.61224489795919,113,13.413561685484986
91.48936170212765,43,19.509018128576873
75.96153846153845,120,16.62207728379066
74.4186046511628,200,16.40672562722054
78.08219178082192,200,21.429963081729248
82.41758241758241,98,36.535925579012975
88.0,124,14.283450882970254
81.04575163398692,200,33.1134404453159
100.0,26,6.704015027419797
71.09826589595376,200,19.085831059424397
80.37383177570094,200,20.57665073260165
73.61963190184049,200,13.598368825778191
91.30434782608695,39,46.87093418431013
95.83333333333334,50,48.65401785483716
96.7741935483871,45,16.972582648363066
68.39080459770115,200,35.517883839544965
95.45454545454545,12,234.24538068795562
90.9090909090909,3,43.45327557356669
80.2919708029197,200,6.274489268461986
94.73684210526315,14,14.857115416072755
74.56140350877193,163,13.18899400861164
100.0,26,4.833593242712749
85.71428571428571,64,56.52514533777999
85.48387096774194,67,81.86224605207751
77.19298245614034,200,37.29965756774296
76.59574468085107,200,22.26912046630352
76.82119205298014,183,28.22082695065406
85.52631578947368,91,149.6077147602041
78.21782178217822,200,32.238165243509584
84.375,191,35.51986691215813
78.84615384615384,98,5.725637656556819
86.60714285714286,200,40.7581945533333
78.41726618705036,181,12.341462655622648
73.61111111111111,200,19.532385988415562
73.68421052631578,200,14.908733841248617
81.88405797101449,200,19.372089903711526
78.10650887573965,200,18.356241652882993
100.0,12,1.9109931144417778
87.5,15,135.4649446409374
72.09302325581395,200,14.525598948353105
93.75,66,18.02014438028185
93.33333333333333,11,3.1180440687040107
37.11340206185567,200,2.143245475635144
100.0,16,53.578301322096735
58.4,137,5.27787371982685
78.3132530120482,200,38.01004740406403
76.53061224489795,136,14.449676308029357
96.15384615384616,29,1.3824946269516762
69.81132075471697,200,18.746451279209342
95.34883720930233,64,16.293915281444196
66.18705035971223,200,3.436320505695558
64.96350364963503,158,12.199974866158069
84.48275862068965,179,14.4732845866259
81.17647058823529,99,47.35608303191086
81.25,200,55.665051590054354
83.09859154929578,82,27.904748603471788
73.4375,154,14.05801693099388
88.42105263157895,125,66.41638819611084
91.17647058823529,37,21.456086300140438
73.8255033557047,200,19.722053570023036
95.0,14,27.266558750258223
89.55223880597015,103,18.126558874989108
87.5,126,35.73064962814595
95.0,16,19.7937581386041
79.33333333333333,200,76.84865962828987
75.9493670886076,200,38.90691224265151
43.47826086956522,19,1.6984890788567557
78.26086956521739,200,80.67633512498655
76.64233576642336,168,11.159037777537398
81.3953488372093,39,6.950550998132188
85.1063829787234,130,48.88071909883557
82.89473684210526,97,34.9048337279143
73.41040462427746,200,14.765150654724344
74.26900584795322,200,12.776557661620235
72.57142857142857,200,22.694850794823086
100.0,53,69.5224115435981
71.64179104477611,118,13.102387502433848
81.03448275862068,133,10.470385343856185
81.15942028985508,78,23.370134106856675
74.71264367816092,200,74.6772206567879
84.4155844155844,173,36.278811391286084
85.0,12,102.9958703723931
78.43137254901961,200,16.578963648758837
77.1604938271605,200,20.116264385145588
78.4090909090909,99,37.69465570369997
79.00552486187846,200,36.455341198384374
81.57894736842105,200,42.28457457612984
84.44444444444444,84,5.253674168172312
81.875,200,16.361000258160693
66.66666666666666,70,10.693823274475307
77.41935483870968,200,42.788651858858174
96.7741935483871,28,34.5955082993871
91.17647058823529,55,3.70951232580308
100.0,20,20.056405981709656
100.0,3,55.46843639700925
88.66666666666667,200,84.32363908879633
87.77777777777777,157,35.71748454897501
87.95180722891565,110,30.28672619505236
88.52459016393442,71,33.63605980854324
82.78688524590164,200,40.126800344907764
77.10843373493977,200,63.92496037645932
74.09638554216868,200,33.45936879709739
84.03361344537815,177,47.697099744620566
87.83783783783784,100,35.53216244064393
81.87919463087249,200,32.95997035440308
72.98850574712644,200,10.374483920934512
85.0,43,10.484038980530485
81.94444444444444,85,33.216602559683835
81.63265306122449,200,1.262526909288342
75.59523809523809,200,21.33474255316482
51.89873417721519,90,1.1926410677139938
89.28571428571429,28,2.3771201966050604
77.30061349693251,200,16.1025058866746
64.81481481481481,200,12.40170209343197
88.39285714285714,200,52.8603426494146
84.68468468468468,132,25.89334716906168
73.88535031847134,200,82.29417333259381
70.05988023952095,200,39.731464130977386
75.40983606557377,66,18.356269255161436
83.33333333333334,68,20.521504670456288
79.87421383647799,200,55.74388508473195
68.09815950920245,200,9.924783230135
58.12500000000001,200,6.471187746709763
59.210526315789465,200,12.635463245628316
100.0,69,30.77395875718572
78.65853658536585,200,14.717826320274733
86.27450980392157,53,1.2112308078494478
69.64285714285714,200,7.4085338648000665
64.93506493506493,120,21.35926052426193
80.2919708029197,200,101.61521160481793
61.71428571428571,200,16.01417208225243
65.57377049180327,140,12.318589016159128
75.17241379310344,200,25.655242561882424
76.60818713450293,200,20.974962818512456
78.91566265060241,200,12.440987387493351
81.3953488372093,39,15.608962152362995
75.75757575757575,200,15.921340162776234
70.40816326530613,152,29.81054689107811
76.92307692307693,83,27.082960895108272
100.0,2,125.38597980507255
80.98591549295774,199,24.579086675698868
90.41095890410958,102,99.26600837308112
70.34883720930233,198,34.616813644609
79.6875,163,82.19184542484912
65.56291390728477,200,7.870952619866839
52.25806451612903,200,12.057465215770419
70.52023121387283,200,21.379023644564583
82.53968253968253,180,98.95892723169928
69.6969696969697,41,8.330561399807712
61.029411764705884,200,9.394182263390626
74.60317460317461,168,6.627705234160674
100.0,29,31.986156738092962
87.17948717948718,163,39.94006541239736
95.83333333333334,20,21.970046002624635
74.82517482517483,200,17.26148413222976
77.14285714285715,200,46.59491635614423
84.90566037735849,54,25.55848076850988
88.57142857142857,34,34.31208784791008
86.86868686868688,127,25.791554619087655
78.15126050420169,200,47.26004408255269
94.11764705882352,29,72.00771423624853
75.56818181818183,200,42.80361135912257
84.87394957983193,134,40.43517758744623
79.74683544303798,200,17.655982687950292
94.44444444444444,32,17.89690146849147
87.85046728971963,136,20.037758512406192
58.94039735099338,200,6.034773345509438
73.63636363636363,133,13.657968264097741
79.26829268292683,110,23.268189514268304
86.86131386861314,200,59.94614747618513
71.8562874251497,200,61.687878467418365
100.0,6,347.79477120764585
86.74698795180723,88,36.16373453165068
72.67080745341616,184,31.531649129019588
71.81818181818181,187,3.372909738781165
73.88535031847134,200,17.383666994721665
96.7741935483871,31,1.1082049895759325
81.63265306122449,200,31.20749790367923
90.82568807339449,169,47.62468991669272
76.37795275590551,146,35.30312603335957
87.83783783783784,122,86.28920345375283
84.31372549019608,57,9.690334842129626
72.5609756097561,200,20.05564133547923
66.66666666666666,149,18.493294740401666
100.0,45,45.76582025356774
86.8421052631579,36,13.50789682742357
79.73856209150327,200,37.87500835243807
94.73684210526315,52,8.518182381146113
74.3801652892562,144,37.78589699119534
84.78260869565217,110,28.89427433244336
90.0,9,9.374328181200768
74.52229299363057,200,28.880871993673306
86.04651162790698,97,59.604039789330834
73.93939393939394,200,63.36901725820273
66.29213483146067,200,23.515167768670768
86.52482269503547,200,13.273680242535887
85.52631578947368,200,92.96245496615934
77.04918032786885,200,31.69080680860951
53.04878048780488,200,7.828847497615698
85.71428571428571,200,6.814870662817842
92.0,25,73.3062647418896
94.28571428571428,29,17.217280756792505
92.10526315789474,35,30.875346888982886
92.6829268292683,46,28.06132892239356
73.07692307692307,125,7.3592669674227755
96.0,42,11.883939395859253
70.12987012987013,200,10.369076050505354
85.71428571428571,33,25.920596161412753
80.50847457627118,147,17.46608537116311
76.875,200,28.342306265711557
100.0,11,5.742809304650086
91.83673469387756,63,16.659376636315326
79.02097902097903,200,9.614507523011921
100.0,18,21.794923287508762
78.0952380952381,200,17.13638405469398
71.7948717948718,200,15.434698628966226
75.17241379310344,193,15.123527967403708
89.47368421052632,50,1.318528349255872
77.85714285714286,200,11.438000888176827
82.11382113821138,167,13.586144518781056
89.47368421052632,51,1.3649310751927577
90.66666666666666,80,46.546595153108605
84.0909090909091,52,46.99611022033051
71.16564417177914,200,20.011701630217377
76.0,60,8.746684231417404
96.29629629629629,62,65.8137104803999
73.07692307692307,55,32.59287001871996
67.11409395973155,186,17.206964560171215
77.37226277372264,156,14.653811745761464
100.0,8,3.125110440630586
72.97297297297297,200,9.171385488594515
80.0,78,2.2768530072598008
80.13698630136986,200,33.87590164149844
72.07792207792207,169,29.42519170236632
76.60818713450293,200,27.001764133006116
89.43089430894308,178,20.207568102308137
87.27272727272727,61,5.4127183784866615
78.65168539325843,104,23.88789941886434
64.19753086419753,93,2.2237865577090283
79.04191616766467,200,30.43023227190621
87.5,93,14.82031658180236
87.05882352941177,116,27.13511646075394
71.71052631578947,172,9.979788433451178
72.52747252747253,93,12.816587714296745
75.75757575757575,200,14.867394017121192
83.65384615384616,116,38.32143121030565
72.67080745341616,200,22.5541815662027
85.41666666666666,40,30.676915457303995
69.23076923076923,200,18.646765073918285
70.11494252873564,200,68.17136135701351
90.82568807339449,140,34.06343318248367
78.37837837837837,90,23.733205665402764
89.47368421052632,51,1.35091067704069
84.21052631578947,36,13.200072760673962
79.11392405063292,180,32.693203514196995
68.58974358974359,200,30.3748737871981
83.82352941176471,79,39.163948478834804
72.94117647058823,200,16.460479115367136
76.42276422764228,128,32.922314603440924
82.45614035087719,200,33.318967856214044
75.59523809523809,200,52.17187415970778
69.28571428571428,200,26.892194397371714
70.83333333333334,55,9.753673168906195
72.38805970149254,174,3.8518393426365
78.57142857142857,200,13.153756423778653
74.43181818181817,200,19.080860058099926
77.17391304347827,107,11.537057726884788
84.04255319148936,97,12.248313993057558
86.61417322834646,151,86.42839188044877
77.39130434782608,147,19.103340775679627
74.07407407407408,200,20.354729465892746
82.2429906542056,135,7.349868133606458
87.5,119,13.770487229266108
100.0,2,16.872539326668623
83.22147651006712,200,36.62308852187762
72.67441860465115,200,19.213375324738678
95.65217391304348,66,18.85817419712708
93.02325581395348,49,17.52811034066161
74.69879518072288,200,24.950318308962295
72.0,200,17.495671941201202
78.98089171974523,200,33.233715318756026
80.58252427184466,136,29.283565969944227
96.875,27,20.214699415733214
64.28571428571429,200,15.061680266259897
84.0,19,9.368460270483569
73.98843930635837,200,17.193284291162577
90.71428571428571,200,54.736424319837845
72.15189873417721,200,25.96398105971373
71.42857142857143,186,19.998703978889157
75.79617834394905,200,18.04955090451381
77.41935483870968,200,32.1551743703109
70.3030303030303,200,20.26383072586532
75.80645161290323,200,19.325252237285497
89.55223880597015,200,81.50721392155006
79.03225806451613,111,31.13645027443011
68.23529411764706,200,21.89677987117155
77.7027027027027,200,23.947579288445105
100.0,25,86.17539671881512
80.0,200,45.76049452873503
76.43312101910828,200,34.18971287324253
75.1937984496124,200,26.093836019834338
76.64670658682635,200,24.283677356814852
85.27131782945736,195,20.131690894873707
89.1891891891892,86,68.20815608228953
73.8562091503268,200,10.901548369664777
75.47169811320755,46,33.06554197655517
80.41958041958041,171,15.740329769769035
79.7979797979798,128,18.97259558571492
70.65217391304348,126,10.386824962338492
80.66666666666666,200,86.0308687289318
72.53521126760563,164,21.307345042464814
80.64516129032258,200,20.781561729637218
71.23287671232876,151,39.09524627448797
75.67567567567568,37,9.173631210731028
84.05797101449275,84,17.50468094606681
91.13924050632912,93,55.51491524607624
79.69924812030075,200,31.761032921199998
80.16528925619835,152,14.914297574382097
100.0,22,18.30889916744109
92.45283018867924,72,7.356689181630328
94.44444444444444,16,31.1164151402121
76.51006711409396,170,23.281179587835382
89.47368421052632,51,1.4232091234895334
82.14285714285714,83,19.774973740245557
95.91836734693877,66,9.851972641255985
75.64102564102564,200,16.34930849663311
69.14893617021278,103,18.234848579648155
67.10526315789474,200,24.784352874093493
78.70967741935485,200,36.63979182403695
81.73913043478261,144,27.877073106357525
83.33333333333334,200,48.78064892957072
77.41935483870968,200,17.956528370240516
86.25,80,14.607611091667145
74.54545454545455,200,12.295456343494957
72.61904761904762,200,27.835919558913254
80.4733727810651,200,17.414399732516358
79.03225806451613,156,47.30494927800179
88.67924528301887,41,10.526788538282034
76.42857142857142,200,54.44380806402048
82.08955223880598,200,22.82498355993156
70.58823529411765,106,16.274722234766216
69.1358024691358,200,17.22831359488634
82.5,200,23.537231263543813
95.34883720930233,40,13.17250071916171
76.68711656441718,200,12.871216832037865
86.48648648648648,24,25.53277739808764
81.48148148148148,91,22.357660406444438
82.57575757575758,200,47.13454142761236
70.58823529411765,200,73.27656325166951
78.03468208092485,200,22.571890059082158
74.31192660550458,121,14.0077335468079
82.31292517006803,200,33.44352676894161
71.9298245614035,200,10.868447579479414
65.75342465753424,163,21.162845012731367
90.9090909090909,44,20.42112749054673
74.13793103448276,200,12.388674289358379
76.28205128205127,200,20.992830906508715
82.46753246753246,200,21.46405316448702
94.11764705882352,10,151.16819444030403
84.04255319148936,119,28.813359714154835
76.96629213483146,200,29.88260617807579
79.3103448275862,98,32.33183653887049
96.66666666666667,79,10.754834002867398
69.87951807228916,200,20.113412783509037
84.44444444444444,99,14.22206682881385
91.54929577464789,75,25.626177823030915
74.23312883435584,200,11.736371970838826
68.82352941176471,200,12.878631501662548
78.41726618705036,200,33.79010397481845
91.66666666666666,28,104.63008241455101
64.58333333333334,106,6.697080010272874
72.48322147651007,160,18.4608163581754
67.9245283018868,200,10.33794736463971
70.23809523809523,200,23.59056499434048
72.7810650887574,200,14.67275603899055
70.39473684210526,200,12.98286565669674
73.6,200,10.672431180371724
89.77272727272727,200,25.001102783277894
100.0,11,27.219090355046184
95.1219512195122,33,41.257558307705104
79.1907514450867,200,24.14394525685305
100.0,6,15.558160246131804
71.62162162162163,80,26.255236664194467
74.375,200,20.689684218248914
47.482014388489205,200,10.083716215709877
80.37383177570094,126,10.311793712892982
95.0,19,15.685534252757344
79.54545454545455,87,25.075327326548596
73.52941176470588,200,42.06202129250863
66.15384615384615,200,1.1475189824737118
74.32432432432432,87,7.900761875450294
75.86206896551724,200,9.588883422739581
73.01587301587301,200,26.713991368717277
80.82191780821918,70,25.137320984166628
73.72262773722628,200,6.086204304717406
87.32394366197182,76,14.432510679909669
75.97402597402598,200,10.339565728639277
73.9795918367347,200,20.710363739395014
80.0,102,42.38047290468929
80.12422360248446,200,29.17632775014749
75.79617834394905,200,46.74498808131903
77.71084337349397,200,34.96345929171453
84.4155844155844,138,11.29626447443803
79.82456140350878,140,20.687157493802015
84.14634146341463,200,28.931162738234775
80.13698630136986,200,24.971515279168003
76.97368421052632,200,34.354302771703026
90.47619047619048,105,65.22017937843968
71.6867469879518,200,22.660391047687607
86.07594936708861,88,26.61865274807147
77.05882352941177,200,26.714503195449808
73.52941176470588,200,20.492144564487848
84.0,51,19.59180877665965
100.0,4,302.2569864710688
74.23312883435584,200,15.901438220419259
100.0,7,3.5668014848577485
85.51724137931035,200,174.91225549453682
74.71910112359551,200,33.375689731890105
73.41772151898735,200,29.014974919101647
69.88636363636364,200,22.428708672208515
91.8918918918919,92,32.11745907640982
88.70967741935483,77,39.484323867828365
86.4,200,43.21557445826862
68.84057971014492,154,6.083580624026368
76.74418604651163,151,14.6801049530455
70.08547008547008,200,1.2256084495178994
74.21383647798741,200,37.175005119446546
76.4367816091954,200,25.203527428906433
36.36363636363637,200,5.943307472080451
73.71428571428571,200,14.030619001305839
59.72222222222222,89,4.363417851232486
89.65517241379311,30,30.39156344919032
83.03571428571429,115,85.97935612240389
76.13636363636364,200,15.747150324951456
77.35849056603774,200,21.82171039787501
94.11764705882352,200,43.43972726942564
84.0,118,24.22784330496813
67.70833333333334,200,10.31334952051357
94.44444444444444,19,116.22108336953823
75.15923566878982,192,13.891452137247667
83.72093023255815,36,1.969666019707585
69.71428571428572,200,16.93006348043441
83.33333333333334,200,26.578273128790055
81.25,87,68.52434290837736
82.83582089552239,200,23.295533840411682
92.3076923076923,200,12.835126423496623
71.12299465240642,200,27.32879693429743
77.58620689655173,200,30.10495114669891
92.10526315789474,200,45.544459861766875
74.69879518072288,200,16.657990477738828
100.0,11,68.4071942989643
60.97560975609756,45,2.1137255613807024
68.20809248554913,200,11.38316083082548
86.02941176470588,166,3.501739189910982
91.66666666666666,52,206.77082336217796
72.7810650887574,200,12.589629004956727
68.02721088435374,169,15.518190222761023
77.02702702702703,200,16.74840842874692
70.66666666666667,200,20.014903431096727
86.91588785046729,200,21.285965114662798
81.10236220472441,137,26.183561137617563
84.21052631578947,43,68.782003061812
76.19047619047619,121,34.08269200907791
71.66666666666667,200,37.66261104511296
91.56626506024097,200,28.890489387881843
81.34328358208955,200,20.946260060816336
100.0,8,168.3841142007449
79.54545454545455,173,41.74979696128873
76.875,190,37.60997020218121
95.83333333333334,18,2.291091378476432
76.78571428571429,50,15.008161031737979
76.40449438202246,200,26.76250532770228
98.30508474576271,90,5.206930804295501
82.44274809160305,163,20.77748310773306
76.13636363636364,200,26.49043378386239
81.53846153846153,166,89.54033966573502
67.75956284153006,200,26.498386710531257
85.18518518518519,52,37.3001539744746
100.0,4,34.19499265724196
91.30434782608695,18,5.842438700026862
87.27272727272727,54,22.803790975461105
38.793103448275865,200,1.348841006985903
77.56410256410257,200,30.039069206689412
72.8395061728395,200,27.84970533225746
95.65217391304348,61,25.962153631086455
82.01438848920863,200,26.729549459680932
67.9245283018868,200,8.106933271811824
88.0,49,11.466873924274834
71.8232044198895,200,23.01585949921869
75.14450867052022,200,28.47942950724728
79.84496124031007,159,10.374218392225036
82.27848101265823,200,14.091757609513632
78.0,108,10.495040373651966
100.0,26,35.02617556116777
78.52348993288591,200,20.092209212064322
80.3921568627451,59,23.129617798677046
81.28654970760235,200,18.56644018621436
93.93939393939394,30,68.13456380871422
80.3921568627451,200,35.048175701655076
94.44444444444444,7,133.3587643809307
83.43558282208589,200,67.78282660371852
77.01863354037268,200,13.63988844201895
93.75,43,28.469191884095498
66.01941747572816,130,18.55071337748779
64.1711229946524,200,18.652653090394573
76.04166666666666,153,14.897660322162928
75.0,117,6.741456527969221
76.61290322580645,142,32.41143828258354
80.88235294117648,67,7.621383860125519
83.46456692913385,200,27.05682157683504
81.25,200,30.690830031048325
76.25,200,21.142038540426086
95.83333333333334,52,19.168546075319057
53.06122448979592,200,2.633625442069853
76.11940298507463,125,19.09181855395095
71.11111111111111,200,6.84817171855526
73.75,182,24.032271678635926
71.51515151515152,200,27.91593123583333
97.36842105263158,200,6.241105954608174
67.05882352941175,200,12.901651607465546
92.3076923076923,5,539.4095321947987
86.0,45,6.573928254564019
78.57142857142857,200,15.40480843248731
60.57142857142858,200,10.13502315049128
75.88235294117646,200,62.31195305583623
76.43312101910828,200,10.68712575802062
82.51748251748252,169,40.06161500444706
63.06818181818182,200,6.912180602986498
85.21739130434783,141,23.47495466036897
87.01298701298701,86,15.224076358039994
94.44444444444444,32,38.60289663627389
86.8421052631579,79,71.73428319840576
85.71428571428571,15,4.800316456007293
100.0,9,160.6542724869851
80.12820512820514,200,22.39434074037267
75.86206896551724,186,23.248340865730114
80.3030303030303,75,32.833590433640225
72.25433526011561,200,14.311222309071399
79.8780487804878,200,28.814303782720458
71.50837988826815,200,11.922079007418672
71.26436781609196,200,20.302609913710505
77.1604938271605,200,21.71457251509227
79.66101694915254,153,42.13931508710508
93.33333333333333,40,16.73070134827891
89.0625,195,24.657549305291315
74.83443708609272,200,36.70164227458199
90.74074074074075,54,66.05652420160071
80.3921568627451,200,26.821101451354696
76.08695652173914,152,9.8319760409637
83.33333333333334,152,23.278275318700473
75.29411764705883,198,26.60428617533543
75.93984962406014,153,11.037481534789762
79.7979797979798,108,22.187955436686654
83.09859154929578,73,15.285751611341588
75.7396449704142,200,40.47384482310406
68.78612716763006,200,12.523418832248911
74.40476190476191,200,26.943412605168344
80.76923076923077,200,31.084699841564753
74.14965986394559,185,20.28013337937858
78.78787878787878,200,34.85226468082227
87.17948717948718,42,9.405512580388322
83.9506172839506,99,36.93793129204821
95.45454545454545,200,18.687557726637888
74.28571428571429,200,22.44391263697691
72.67080745341616,200,1.260748126608694
79.59183673469387,105,100.74727688938097
80.89171974522293,200,19.594208985804535
77.77777777777779,200,48.332339828357426
84.90566037735849,152,32.4615029176788
82.35294117647058,172,35.88568272315199
80.82191780821918,200,34.0753447449844
86.11111111111111,77,17.79691417893672
79.8507462686567,165,18.027712600106337
65.75342465753424,183,11.205798465520012
81.81818181818183,200,28.4236038808892
76.37795275590551,145,23.91549998138556
76.92307692307693,147,20.14079147899991
78.10650887573965,200,26.22843586460198
75.14792899408283,200,9.641969248860322
73.74301675977654,200,31.529745706793445
78.1021897810219,157,44.05762556586729
77.09923664122137,165,17.72425243733911
81.45695364238411,175,30.632404570788847
75.14450867052022,200,13.524399671205279
95.65217391304348,27,3.8785405980176155
88.88888888888889,65,12.23342848513698
72.5609756097561,200,13.242485433560422
81.81818181818183,200,29.67610300189669
74.56647398843931,200,12.95925991628057
68.6046511627907,194,15.461302120519038
88.33333333333333,53,10.246662323444932
83.76068376068376,165,19.30210780721398
79.54545454545455,79,43.935701760393
70.17543859649122,200,13.320615724087334
71.51162790697676,200,18.84544451669414
70.71823204419888,200,15.583067556572015
70.75471698113208,115,29.22596211515065
81.70731707317073,184,100.6002129908809
73.83177570093457,110,12.589232840728378
80.12048192771084,200,46.999744439148344
75.30120481927712,200,22.991320387925757
76.28205128205127,200,12.363406315098295
74.40476190476191,200,17.0305001856396
84.21052631578947,7,43.566800251208505
80.18018018018019,127,49.19864499707908
78.21782178217822,114,17.598116045635376
75.0,200,44.35477126035837
82.8125,70,13.861952968255935
80.95238095238095,9,6.324924542603853
82.22222222222221,125,27.242155752370145
74.23312883435584,200,39.85761999431868
65.69767441860465,200,7.312334854253158
89.28571428571429,59,15.124810036576351
67.24137931034483,200,21.764568793070318
80.0,131,46.98723336366102
72.41379310344827,200,10.522712632404147
55.639097744360896,200,8.418405816660336
83.13253012048193,89,13.99966541047745
71.0691823899371,200,22.846269948623863
85.6,200,25.602806854272625
95.23809523809523,14,26.043258639578102
100.0,30,12.712751478135718
81.52866242038218,200,43.800514320374
85.29411764705883,90,45.393795078696876
80.0,46,17.061604269358277
79.26829268292683,96,10.803563919145441
100.0,46,21.839436885720758
89.47368421052632,34,1.7657784915106383
86.99186991869918,200,35.62356423719514
75.83892617449665,179,13.15560957342882
80.80000000000001,146,23.316732627250886
90.0,34,227.62543730530493
94.44444444444444,6,15.652186035031924
84.52380952380952,89,14.489082587259686
81.04575163398692,197,47.35968083406104
73.14285714285714,200,14.736419279441206
84.52380952380952,95,17.266494905937357
76.04790419161677,200,48.02333897540417
90.9090909090909,38,25.241483753268295
78.15126050420169,140,26.926817252835747
72.94117647058823,200,9.577301517505484
72.35294117647058,185,18.955309321744966
83.20610687022901,200,25.376503106733956
78.89908256880734,134,10.977853988524808
76.57657657657657,119,25.80435173438538
90.69767441860465,35,59.94800582745941
80.95238095238095,116,18.621063046371717
100.0,8,14.762950991718904
76.98412698412699,200,39.359893032394126
73.73737373737373,136,19.567593545806393
80.34188034188034,139,30.72829178584187
100.0,2,75.74645347266103
68.96551724137932,200,19.871649663996948
80.91603053435115,200,3.536100103248198
86.45833333333334,119,28.01267259873084
88.33333333333333,74,42.582971509791115
100.0,24,23.711691042371356
92.3076923076923,75,29.34666632505795
82.43243243243244,200,15.399719333745725
74.52830188679245,200,1.0735551324248565
70.83333333333334,200,27.943066897291835
65.51724137931035,200,18.535765023591527
88.23529411764706,150,24.405779799017004
76.47058823529412,149,49.24717663913733
92.3076923076923,17,69.09456109218577
71.67630057803468,200,15.083303012832513
74.35897435897436,200,11.638299611158207
65.3179190751445,200,15.652400240207824
77.41935483870968,200,13.451077919984886
78.86178861788618,182,32.78246810480329
78.37837837837837,31,28.010236421397664
78.57142857142857,200,11.253795876221428
77.12418300653596,194,7.166728341344106
90.9090909090909,22,42.98773328489214
77.19298245614034,125,16.839652961320674
92.0,23,2.522777592495819
72.6775956284153,200,17.18126222692874
67.2514619883041,200,11.323790706025825
74.54545454545455,200,26.93662509888094
80.18867924528303,109,35.36779978039363
81.48148148148148,179,19.769751040089908
91.52542372881356,75,68.1190829992812
86.88524590163934,79,26.572643425226197
86.66666666666667,133,3.3652495239587763
75.16778523489933,189,11.624230786078149
73.52941176470588,102,16.99633787558416
70.66666666666667,200,45.453956441303326
81.9672131147541,65,14.125874997596213
81.81818181818183,154,21.5590440498011
96.875,74,57.595417460934385
84.24657534246576,185,50.613775838296796
94.23076923076923,50,103.76503146715996
87.93103448275862,60,53.09611842339628
77.30061349693251,200,8.57975149798741
82.5,81,74.41721040088896
72.67441860465115,200,23.96387411258855
82.42424242424242,200,22.537685257021938
77.63975155279503,200,58.33004086700698
78.99159663865547,161,35.728519749664216
79.16666666666666,200,30.002634454794936
72.72727272727273,200,15.487853385007966
77.8688524590164,138,14.230785760308073
88.23529411764706,24,6.291152426721188
83.6734693877551,146,21.7111552699877
79.75460122699386,200,17.255902250835863
70.4225352112676,74,13.729113714188511
88.07339449541286,200,21.6431484959815
81.73913043478261,135,67.91128181509141
72.63157894736842,200,37.054219104436676
95.83333333333334,41,20.369502504872198
79.2,165,16.995239748947693
70.6896551724138,200,14.381369136772475
74.8502994011976,200,13.566499841939939
74.11764705882354,200,16.441611794869864
59.375,200,12.154466342942417
100.0,24,4.571035778137183
75.28089887640449,200,28.733687741931874
77.31958762886599,97,45.45539595738737
70.46979865771812,200,14.048069167791889
75.77639751552795,200,26.426522927172645
70.12987012987013,200,12.844455811374115
85.04672897196261,127,31.600922137530183
78.51851851851852,160,14.217428005294925
81.81818181818183,200,35.2753410479579
74.24242424242425,62,7.583728171959398
74.54545454545455,200,21.16866602000799
81.25,72,31.77124090499013
84.84848484848484,104,15.035382925658846
89.13043478260869,44,73.08707838746116
76.75675675675676,200,32.68186759963311
75.92592592592592,200,27.06268506615532
68.33333333333333,200,13.77344978275865
82.11382113821138,200,13.068018022965576
72.89156626506023,200,16.277170078779765
75.0,200,14.483896941437616
78.3132530120482,200,27.302077745223407
72.94117647058823,200,16.685944082405772
59.44444444444444,200,13.002469746229172
82.6086956521739,127,44.397880900456485
76.5432098765432,116,24.011046703241785
72.67441860465115,200,23.366361498235747
91.48936170212765,47,40.339063996030156
78.51239669421489,182,39.34572186462398
100.0,3,12.034092888142881
75.0,92,14.307179815954074
70.45454545454545,200,28.49526240585065
86.40776699029125,200,20.07694479560014
85.22727272727273,108,20.620524970922848
74.63768115942028,166,13.181479514357964
71.91011235955057,82,10.558609396612791
70.17543859649122,190,23.972344504395355
68.48484848484848,200,15.267165540104033
73.83720930232558,190,14.992620598114812
100.0,4,23.13255825851934
48.031496062992126,200,7.74122959831056
79.16666666666666,200,19.129249847570406
84.26966292134831,119,8.304502785274769
76.78571428571429,200,40.21808302446183
67.54385964912281,200,28.139892244324848
68.88888888888889,200,24.321643998659734
87.01298701298701,88,31.43117212164354
75.66137566137566,200,11.24766386829516
70.63492063492063,200,14.056981722731969
79.0909090909091,126,22.84420431124363
91.30434782608695,42,15.922475351165755
70.45454545454545,186,27.230017680000923
73.4375,184,10.506513254943972
90.0,19,39.5967274390158
76.27118644067797,200,22.162540348498048
75.77639751552795,200,16.311914006914023
80.21390374331551,200,2.678555348960633
76.64670658682635,200,35.31686751022959
77.85234899328859,200,11.721975050200916
71.09826589595376,200,16.632933813563593
82.11920529801324,200,28.279967377589177
100.0,6,288.8723195227919
81.73076923076923,147,43.47897853771677
79.26829268292683,200,14.298122614809893
73.97260273972603,175,21.950370685476493
82.10526315789474,112,11.898326718104258
100.0,4,2.182461143938742
71.00591715976331,200,24.493293395212568
86.95652173913044,47,28.062141238238983
81.63265306122449,174,19.77781465812645
81.08108108108108,28,1.5297384671950194
81.14285714285714,200,4.266955371315031
91.48936170212765,48,6.5570855094042875
74.3421052631579,167,18.409472181886148
68.07228915662651,200,15.420066079166839
100.0,2,267.76719600287885
70.93023255813954,200,17.163598507322188
77.96610169491525,200,18.39634018756665
85.71428571428571,45,20.318624814045588
78.08988764044943,200,29.39496475582248
100.0,2,686.2266991243113
33.33333333333333,200,5.478284764276452
77.7027027027027,200,30.776763546844187
75.0,200,18.71527612620929
77.64705882352942,85,6.5882998362501555
85.39325842696628,92,50.498794743182984
79.04191616766467,200,58.21333870105836
77.57575757575758,200,20.311901431590215
93.33333333333333,42,17.413816050068302
88.88888888888889,11,2.144023338194448
83.9622641509434,126,61.254942084291706
86.40776699029125,126,49.18013117568769
82.85714285714286,92,4.916738308632864
73.224043715847,196,25.66279562922536
89.1891891891892,99,19.647266676028163
86.66666666666667,23,7.631356554407142
100.0,7,49.31694895179213
71.07438016528926,129,19.046414866668623
81.9047619047619,149,25.97476391625183
78.26086956521739,116,23.335329429114587
70.55555555555556,200,25.35137056330865
85.71428571428571,111,51.55590616450092
78.26086956521739,200,11.970070457284379
89.79591836734694,44,12.842918511125548
80.4054054054054,200,29.869574266225985
88.88888888888889,39,16.632849953527412
84.44444444444444,40,30.536497000849845
73.68421052631578,200,76.23460828081168
75.55555555555556,200,34.929817385884654
65.05376344086021,200,26.18938205401172
72.5,192,26.28151410654437
81.42857142857143,94,40.2638994477487
86.02150537634408,98,35.63631377056164
80.83333333333333,158,12.97792674061955
77.86259541984732,173,14.419264491888335
91.40625,200,34.72024795839451
78.3132530120482,90,14.80641972374162
73.88535031847134,200,15.982222910880925
95.83333333333334,10,60.153639117637
69.81132075471697,200,12.272682972397208
69.36416184971098,200,10.376855334196824
77.17391304347827,90,9.958036345285553
86.32478632478633,200,109.04606895670481
79.26829268292683,83,21.676375291918966
70.17543859649122,200,23.9992173922708
98.0,51,11.860911750445373
77.27272727272727,146,25.36945267775418
100.0,2,4.6752073814411235
69.27374301675978,200,22.50322523620269
67.63005780346822,198,14.55694896462822
64.77987421383648,200,6.5052673437917
80.12048192771084,200,30.931463023093723
73.61963190184049,190,14.243247744965737
75.49019607843137,115,12.32819958801544
68.15642458100558,200,18.28947787289124
77.12418300653596,192,19.65510013091912
76.02739726027397,200,36.13703549787306
76.92307692307693,180,14.743310676119387
86.33093525179856,200,27.590792156246085
89.6103896103896,110,35.97125212226999
72.83236994219652,200,12.027260443054733
74.3801652892562,135,22.64902983133183
71.7948717948718,200,29.682230024785177
90.69767441860465,28,10.352311952681085
77.16535433070865,200,12.539342359545422
72.47191011235955,200,52.519973499993384
100.0,34,89.01741377107851
72.36842105263158,70,37.061727855198164
71.73913043478261,200,25.191384505357842
83.19327731092437,133,46.11122926282807
79.12087912087912,112,26.661329598506732
68.58638743455498,200,20.75279919444438
75.4601226993865,200,28.434703121941308
74.86338797814209,200,29.75017768162751
72.25433526011561,200,25.38494694141181
77.01149425287356,142,39.885901662673916
70.87912087912088,200,20.457246387693328
70.07299270072993,148,18.937752656389375
100.0,4,59.76300759919085
79.41176470588235,200,23.89000643810773
78.61635220125787,200,59.265423856761764
81.09756097560977,200,17.14312287307257
69.0909090909091,121,27.79428285519183
85.07462686567165,62,24.68567146214918
78.16091954022988,85,14.486681272222356
81.6,155,25.264064725561717
73.28767123287672,194,23.324106773314128
75.60975609756098,200,23.04384840397455
62.68656716417911,200,23.42352527467147
76.51006711409396,179,10.158645022846875
84.16666666666667,166,79.06953942037138
73.20261437908496,195,9.67357842761259
87.17948717948718,87,5.79950949729429
76.19047619047619,181,14.934608609057186
91.07142857142857,200,9.22131296770151
68.42105263157895,200,17.287156915405607
74.72527472527473,93,17.387306602180864
71.51162790697676,200,21.544205365024183
75.0,134,12.535796435331665
78.57142857142857,195,19.087117140360377
77.93103448275862,193,104.27253253920426
72.57142857142857,200,19.896874389530296
73.33333333333333,200,29.704571166098855
100.0,200,5.634524288433189
92.85714285714286,20,53.01138574058536
76.0,99,10.921501687639283
80.0,200,40.77407236526583
72.58064516129032,57,7.927309495310246
90.625,21,50.992603280751425
93.65079365079364,63,54.9942411219216
97.36842105263158,48,38.20197382225367
90.625,34,17.127423042642455
73.59550561797754,200,20.08611958069729
90.0,151,31.95137649995466
89.23076923076924,78,8.803887158089974
79.84496124031007,145,8.670346212102292
76.29629629629629,142,14.690702505781525
66.83937823834198,200,13.843927472400969
60.91954022988506,190,10.054865262220552
80.0,25,2.3717487404277673
80.43478260869566,152,26.63851273474575
100.0,11,476.23879118372224
71.42857142857143,105,1.0796529508733848
69.39890710382514,200,15.682941756579995
95.45454545454545,6,42.175165015466476
75.69444444444444,200,25.281419850303866
78.48101265822784,176,14.109767701452215
70.88607594936708,73,1.0002561662110911
73.29545454545455,200,20.79409820169862
94.54545454545455,50,23.993892305367364
90.12345679012346,200,1.2136881287002854
76.28205128205127,178,13.721241414820511
77.77777777777779,119,12.298567158284298
74.28571428571429,200,22.030652953694332
90.0,10,52.018159279194286
94.44444444444444,5,35.02098978482707
69.02173913043478,200,13.723431136430575
82.94573643410853,144,34.85230253951746
75.42372881355932,127,22.891889712845128
81.75675675675676,200,9.887297769775532
83.56164383561644,73,65.81449415810492
68.47826086956522,200,21.49893239337516
80.7017543859649,200,31.25926633743846
76.37362637362637,200,33.23179835394214
73.68421052631578,200,31.63901058917651
60.22727272727273,200,17.335903386485885
77.58620689655173,150,33.36106021079667
66.0919540229885,200,22.28562322178902
76.43312101910828,177,13.504301725755186
77.05882352941177,200,22.4180180903058
71.7741935483871,147,5.9214733299425175
72.54901960784314,165,13.262955210311048
76.8361581920904,200,41.05565113560853
74.4186046511628,200,16.062236253374536
72.7810650887574,200,37.0537618379756
82.14285714285714,200,40.62879978778406
79.0909090909091,125,13.599780666668785
71.97802197802197,200,23.98796816485978
71.83908045977012,200,24.02465050517606
94.54545454545455,53,29.22018737530776
73.52941176470588,200,17.381721011797985
71.6867469879518,200,19.03412145168511
78.78787878787878,200,41.350820878656336
79.73856209150327,174,39.04896349687142
77.56410256410257,195,24.934931483096744
70.11494252873564,200,21.38552661711245
90.0,22,22.042832536901138
70.96774193548387,169,10.818508589704088
85.15625,172,18.6715443485241
79.85611510791367,173,12.679280429866852
72.67080745341616,200,9.458716054967969
85.71428571428571,24,5.3820380551289055
67.2514619883041,200,21.3526884966958
77.8409090909091,200,29.817195464365792
74.86033519553072,200,30.053249980196128
96.0,14,28.35834907219722
100.0,10,51.20290703789098
91.80327868852459,81,11.23774045937085
70.62146892655367,200,22.677213224495652
74.30555555555556,154,18.61405488548929
68.78612716763006,199,13.50079834726224
90.0,9,40.05142478944402
87.5,63,23.89260322102384
80.62015503875969,160,22.699423119298288
79.35483870967742,200,58.642812174946336
82.53968253968253,59,27.457876668121724
80.35714285714286,198,20.77898667794744
81.81818181818183,92,76.52599003998343
73.18435754189943,200,20.61000802796024
63.53591160220995,200,16.624963558243103
96.7741935483871,15,108.52936123868184
83.09859154929578,91,50.254864929663476
77.6978417266187,154,39.90083974064755
78.70370370370371,124,14.562623638642302
80.0,139,13.74494501625264
77.51479289940828,200,18.342947255245644
78.39506172839506,200,20.65797575625498
83.01886792452831,39,2.884608426272132
89.28571428571429,72,34.5713544820259
73.71428571428571,200,78.32547680407379
73.25581395348837,200,14.614178428714316
71.76470588235294,200,19.596246480156683
78.43137254901961,200,73.4074475251367
72.31638418079096,200,24.216675791722977
75.0,200,19.059086084821732
92.85714285714286,11,691.4588659740097
76.33136094674556,200,16.25252500257911
82.41758241758241,119,16.370753041673726
68.57142857142857,200,16.235707636723685
69.78021978021978,200,10.634629016948745
70.27027027027027,200,20.2132200113496
70.07874015748031,137,26.776820889361197
82.22222222222221,35,14.10685955848848
82.48175182481752,200,18.414642844234596
81.45161290322581,156,19.469836555851806
72.06703910614524,200,16.304771478406522
76.0,200,28.568279086017334
77.56410256410257,185,24.63175597806723
81.203007518797,157,23.286379836306434
76.03305785123968,138,25.015082225432938
95.0,5,3.703432109564762
74.61538461538461,138,21.35018654258702
74.55621301775149,200,38.38690199931284
79.59183673469387,200,25.012233998178214
80.28169014084507,200,13.908800874638759
80.7017543859649,52,22.699169674266354
76.76056338028168,200,32.3313167629032
74.46808510638297,100,7.647847701521334
70.73170731707317,190,16.962317221295375
95.91836734693877,36,9.408730902734511
91.66666666666666,14,1.660790908143063
82.89473684210526,200,9.43355070538354
77.33333333333333,175,45.60713452702965
86.95652173913044,69,35.90192246137108
92.0,86,20.38865196415627
64.67391304347827,200,12.113524694677505
95.18072289156626,153,15.32953738704472
79.73856209150327,200,79.97357095744762
66.11111111111111,200,13.811053610756938
73.09941520467837,200,32.56008552238833
78.88198757763976,200,45.05594552898884
93.33333333333333,15,4.976775858692836
69.44444444444444,200,15.460773166597038
68.55345911949685,200,9.35920547846533
78.69822485207101,200,18.777175652829765
78.87323943661971,200,10.820589281038247
88.23529411764706,63,33.5272729511236
72.92817679558011,200,20.021473445476474
73.24840764331209,181,15.148515202904965
93.54838709677419,80,26.381327875175934
71.83098591549296,152,9.859365812415609
83.87096774193549,56,12.124593305026782
77.41935483870968,97,17.355880671921003
82.43243243243244,74,13.142431486480772
77.56410256410257,200,44.2386461102961
91.66666666666666,34,1.285553184744175
70.94972067039106,200,25.979216874012668
82.45614035087719,60,12.76413345945867
80.58252427184466,125,22.461162022505405
76.47058823529412,200,24.87258524927827
90.2439024390244,116,57.746832685404165
75.42857142857143,200,21.205878802547637
74.32432432432432,200,46.405985252856745
71.66666666666667,200,38.62847325317159
72.51461988304094,200,20.179877038459324
67.40331491712708,200,13.553661052131545
80.76923076923077,156,28.23548211422398
81.81818181818183,154,21.345611225603122
84.4155844155844,77,25.311352039387735
81.203007518797,200,41.557237461991946
80.50314465408806,195,30.682232350774928
72.14285714285714,164,43.20110209111024
81.10236220472441,130,16.926297182094718
72.41379310344827,200,21.161268204287154
85.49618320610686,200,23.98586577304209
82.87671232876713,200,144.45481458550773
74.71264367816092,200,14.155265124222177
78.84615384615384,200,1.228111810730115
80.85106382978722,46,7.450943353326521
80.34682080924856,200,29.971533299158065
72.99270072992701,200,30.14290037148348
78.74015748031496,151,21.647231513050656
75.0,200,29.743686384293376
88.63636363636364,90,39.7395574781601
68.75,200,18.456779833987778
91.76470588235294,96,22.374693725197165
95.0,200,1.0012340333458076
78.08219178082192,170,29.070424667264355
76.60818713450293,200,13.401617091311202
82.43243243243244,170,31.86635332874155
78.04878048780488,142,15.68897269617729
94.33962264150944,56,88.35248756731004
86.66666666666667,24,9.157171860191106
82.63473053892216,200,23.031286754532893
92.0,51,4.497484939941273
73.0,95,12.19326744550061
63.013698630136986,164,6.896111995226788
76.14678899082568,200,8.46451338012547
90.0,94,35.93812540093959
74.07407407407408,190,26.54777594301836
75.70093457943925,110,6.267833908640901
77.30496453900709,167,12.966341186432695
75.51020408163265,200,29.39675473160302
75.60975609756098,200,30.540865958319447
74.85714285714286,200,18.789846079621288
78.85714285714286,200,45.397761888628025
76.64670658682635,200,34.765836233393955
76.11111111111111,200,18.472916297735214
87.6923076923077,84,39.43595674065787
73.6,141,51.19044471061621
72.93233082706767,200,17.51124671985235
76.5432098765432,200,33.339765335032524
77.96610169491525,200,18.876736586153964
77.32558139534885,200,23.465335547920933
67.54966887417218,163,17.867275368602044
72.18045112781954,153,13.890596674212363
100.0,11,114.30907340556858
80.32786885245902,53,30.267655259244158
72.82608695652173,93,16.573213229394625
71.85185185185186,200,57.039553889441876
75.96899224806202,130,18.400224561489743
95.0,200,1.057514304743048
70.88607594936708,74,1.000351490743996
74.30555555555556,165,15.26390482290845
78.3625730994152,200,16.61320024912518
80.7017543859649,200,51.38733477713327
79.74683544303798,71,28.081329611956463
72.72727272727273,103,14.319929272089478
73.10344827586206,161,33.07536115644213
80.95238095238095,178,8.144145247231696
78.43137254901961,61,1.4896042483386254
76.47058823529412,200,13.217626945085344
80.92485549132948,200,11.264258952170735
93.75,29,44.95057184977511
80.8080808080808,118,52.541277322593125
86.04651162790698,34,6.193993031459484
70.0,165,23.851883614859013
70.1086956521739,200,20.75393832040046
74.33155080213903,200,32.25025932913905
75.55555555555556,200,15.344053998949123
77.58620689655173,54,34.644519993860165
77.67857142857143,130,16.384279396453717
72.36180904522614,200,65.97779222246888
84.21052631578947,46,66.647181691191
83.62068965517241,144,21.1024192454883
76.50602409638554,200,23.869932890914388
69.04761904761905,55,7.627746003458777
81.53846153846153,200,28.80527929231534
87.8048780487805,200,40.11192320499897
76.0233918128655,200,24.393317986241925
94.5945945945946,29,17.491404890627233
77.90697674418605,200,11.911548990240911
71.34502923976608,200,19.474609873583827
76.3975155279503,195,16.103923196827644
100.0,135,22.438816138512422
90.0,159,18.4039748884851
81.88976377952756,200,27.39288480101616
53.73134328358209,163,4.08237215100016
68.23529411764706,179,19.945792461898215
74.01129943502825,200,18.786747668768026
76.74418604651163,156,14.873578113075682
70.0,200,16.58175510611308
90.0,31,55.12450467114296
78.57142857142857,50,8.596349225975757
71.5909090909091,187,14.578437467804523
79.87012987012987,200,29.88718841061337
82.75862068965517,26,4.019483341076861
54.01459854014598,200,4.199606189597784
69.93865030674846,177,12.55916933334112
67.22222222222223,200,7.107806811014772
76.10062893081762,200,38.637152295115044
67.28971962616822,121,7.584553393302356
78.76712328767124,200,20.994958974566078
80.85106382978722,89,10.370869516902538
96.55172413793103,13,4.3922353898822495
73.82198952879581,200,14.220007935861386
67.87878787878789,200,33.28893454044205
77.38095238095238,200,40.28987462167881
94.44444444444444,197,16.31313850927015
70.65868263473054,200,17.92801468053277
63.70370370370371,200,26.861978132831556
84.21052631578947,53,17.389266737514777
70.25316455696202,200,15.038401045370016
74.56647398843931,200,12.916620039662822
74.16666666666667,135,12.717104923367412
71.34502923976608,200,14.575899906073236
76.85950413223141,125,29.441462803793073
72.09302325581395,200,11.06950883220831
82.05128205128204,143,8.257535131571712
71.59763313609467,200,29.82523665516525
65.88235294117646,71,28.98710359867928
77.04918032786885,138,40.42342554795323
75.15527950310559,171,70.21649464927805
73.65591397849462,200,50.73139320022766
83.89830508474576,124,11.149839488380813
100.0,4,140.77892632940018
73.97260273972603,120,3.887042166158411
80.0,145,16.480082302759968
73.86363636363636,200,13.896916980238089
81.29032258064515,172,28.36673342764858
74.4186046511628,200,19.92991602044957
89.0909090909091,58,5.831301960468979
79.88165680473372,200,19.71510992612324
72.67441860465115,200,37.669565565343845
77.6536312849162,200,20.437460158135472
81.92771084337349,95,10.781454949762807
73.65269461077844,200,11.876447363126386
85.1063829787234,41,8.881824152379568
77.70700636942675,200,36.50490550935756
79.22077922077922,75,9.729828090219026
67.03296703296702,200,30.76324054644657
76.47058823529412,200,28.96916400497118
70.8994708994709,200,23.302771830294457
89.65517241379311,69,2.9027792444152465
85.47008547008546,184,49.06659338481652
49.44444444444444,200,8.025621297323294
74.72527472527473,200,15.915043938118366
81.48148148148148,200,32.73779149151992
68.65671641791045,158,13.807543561471942
79.27927927927928,200,28.751971419957492
72.61146496815286,200,19.501706156350817
73.64341085271317,200,26.54829312345076
82.90598290598291,133,17.323538744892765
60.40268456375839,200,7.247173662412747
75.55555555555556,187,15.180358891373618
76.96969696969697,200,30.94364050022604
86.47058823529412,191,33.68762787342571
77.11864406779661,200,19.794856657197847
80.92485549132948,200,24.84633754278188
74.74747474747475,94,16.273858198302918
78.94736842105263,77,10.771400673441514
82.25806451612904,177,3.7578455609598564
72.7810650887574,200,26.057963435184245
92.3076923076923,46,53.477810421036594
90.2439024390244,37,41.233999808624546
74.55621301775149,200,36.98043589808518
81.32530120481928,181,69.10260277685836
75.78947368421053,200,24.594427166833487
85.55555555555556,136,18.865521750392016
76.57142857142857,200,13.458238493440396
78.52760736196319,200,20.006966669582393
72.28260869565217,200,31.336727553885837
72.57142857142857,200,26.990400533100697
84.05797101449275,63,10.368012208143153
77.91411042944786,169,33.58566232387188
72.28915662650603,200,32.48500060273695
75.0,200,40.63778651547608
100.0,18,21.723632957864094
76.52173913043478,149,9.152500933138127
76.58227848101265,200,30.469387782393028
72.0,200,37.353111937719625
73.00613496932516,200,13.827986334700677
72.28260869565217,200,21.497642743379966
94.28571428571428,23,29.95022315662221
83.56164383561644,69,20.395715095800202
78.2051282051282,200,31.779518866385178
78.4090909090909,200,24.63738296385483
69.10112359550563,200,20.46960122315515
67.28395061728395,200,25.348418125103613
90.44117647058823,200,89.10947947859327
80.50314465408806,194,12.664304227350083
77.96610169491525,127,38.77139972604269
76.40449438202246,200,29.531991433075504
77.6595744680851,95,10.786435021185762
78.4090909090909,200,48.39687929199116
65.4320987654321,81,6.546357494451806
88.23529411764706,66,26.29603955917635
66.11111111111111,200,14.4186458496784
92.3076923076923,69,38.522938119970036
79.21348314606742,200,15.054106020199775
73.52941176470588,92,51.93554643314561
73.68421052631578,198,5.660460825433134
74.77477477477478,136,17.86112164827298
79.26829268292683,200,46.10029379901575
68.32298136645963,200,4.865539532919471
78.43137254901961,137,6.141859245303461
91.11111111111111,31,2.3270939169982583
74.57627118644068,200,13.585946514402654
75.4601226993865,187,13.870082248324907
68.96551724137932,200,24.69339866341194
100.0,13,30.428083745778018
72.1311475409836,200,24.964638185818636
74.68354430379746,200,25.161420458765352
84.26966292134831,84,12.20535337720548
73.65269461077844,200,15.79762936449016
75.90361445783132,200,25.23028673399048
68.44919786096256,200,13.899388809911812
76.875,200,10.183938379229923
88.0,47,7.475893444807984
68.39378238341969,200,23.939889476947666
67.1875,200,20.386844829587584
72.25433526011561,200,28.26959801231334
75.84269662921348,200,16.869850227399613
67.91044776119402,178,5.767095890828057
79.72972972972973,69,26.39432816465026
76.47058823529412,200,14.121519607771601
80.0,117,16.09534481483895
72.77486910994764,200,14.439491346046614
77.51479289940828,200,14.658729102681303
74.30167597765363,200,24.537966226714637
70.76023391812866,200,16.24201358018502
90.47619047619048,36,14.64684358388449
72.67441860465115,200,12.768525308322864
65.83850931677019,200,10.391996529563064
75.28735632183908,200,15.007109965118616
79.83193277310924,147,23.31388426897952
92.85714285714286,52,22.296314290472854
90.78947368421053,112,32.0982632451738
84.33734939759037,89,64.58301392308982
67.1875,143,20.291145151807076
71.91011235955057,200,8.61470587528753
95.1219512195122,26,54.14608467005861
75.29411764705883,184,12.389572586606056
77.19298245614034,124,22.695191602158612
88.09523809523809,56,20.94218177653969
78.3132530120482,200,37.71054194235176
67.06586826347305,173,15.674837159079614
83.52941176470588,77,22.809390501659202
72.98850574712644,200,51.169406333739445
83.1858407079646,132,29.96056878236742
86.07594936708861,121,34.45112993579777
79.04191616766467,200,12.593764750314392
81.42857142857143,182,16.33154001914598
90.0,35,37.37258199336143
75.84269662921348,200,26.6195842746886
75.29411764705883,200,26.238705306523713
78.69822485207101,200,19.911982387455826
79.61783439490446,200,25.106438631560092
77.56410256410257,200,18.375618098041706
85.71428571428571,166,59.924988112442314
78.57142857142857,35,3.9540427770776994
72.1311475409836,200,30.03264139801925
73.68421052631578,200,16.500143749199534
77.90055248618785,200,103.6435371434246
74.70588235294117,199,14.973677013860629
80.55555555555556,83,14.481412670265243
75.4601226993865,200,52.541650470185715
80.0,101,51.41735940780991
70.88607594936708,77,1.0002960915821117
69.86301369863014,200,10.029923235507882
81.92771084337349,76,9.839709051031065
70.78651685393258,200,29.095928058646763
81.76100628930818,200,19.66975237140387
78.52760736196319,200,51.582144128576175
75.48387096774194,200,14.814435273674437
95.83333333333334,7,1.5668498140237654
83.56164383561644,63,17.33369692153322
78.46153846153847,200,35.135436478426826
60.12658227848101,200,20.115283512493725
77.09923664122137,157,16.853829013847417
65.77540106951871,200,18.088165644023682
70.8994708994709,200,22.285651541731315
68.78306878306879,200,11.206998196096832
82.6923076923077,38,13.556587563581587
74.40476190476191,200,24.489687731321588
79.26829268292683,200,25.420899944600745
80.0,82,21.341892446041722
67.41573033707866,200,15.97691597536864
75.28735632183908,200,25.66261771547032
69.1891891891892,200,16.691643007659255
68.94736842105263,200,28.155381784622826
84.16666666666667,148,25.132580533513604
71.19565217391305,200,10.921401386561914
73.05389221556887,200,1.1746130347588746
77.77777777777779,123,37.649405145016274
83.11688311688312,81,59.9658851598162
87.09677419354838,116,25.377386509906223
77.38095238095238,78,17.75853994776317
73.68421052631578,42,5.024145921995453
75.42857142857143,200,28.196401531834507
71.51515151515152,200,16.721241212320454
72.39263803680981,191,15.058249092138754
76.47058823529412,193,32.74378394736225
89.79591836734694,135,71.76058794500192
88.0,74,10.623746380344572
61.23595505617978,200,10.146731459422101
70.94972067039106,200,22.19735658197012
85.36585365853658,200,44.136710968371375
70.73170731707317,200,7.064143426014518
75.97765363128491,200,16.378925823006977
80.91603053435115,144,38.078079861965335
80.95238095238095,140,45.70276050865456
72.62569832402235,200,13.025634532250308
84.82142857142857,169,36.96852349713528
69.61325966850829,200,15.279194099334692
69.5906432748538,200,12.491630449503656
75.22123893805309,132,11.83452273159685
76.92307692307693,200,22.017621532918714
57.92349726775956,200,5.66632857255939
70.8955223880597,149,13.276639030180128
71.64948453608247,200,23.090475821046073
98.11320754716981,79,209.4339930537973
66.10169491525424,200,15.662627058153666
72.62569832402235,200,18.613569144113814
85.0,72,34.48376797837658
91.76470588235294,94,7.64140983271006
70.2247191011236,200,13.358661094414096
69.85294117647058,200,13.935990721739682
100.0,8,3.751059347985316
72.77486910994764,200,17.147673922850156
83.83838383838383,115,12.984127048779815
76.19047619047619,200,14.626048828003592
77.77777777777779,200,22.106401844847948
94.5945945945946,24,36.43275682357549
75.93984962406014,146,12.092836078064083
81.875,200,33.88029747882873
74.05405405405405,200,34.2665009791718
80.76923076923077,200,31.79436814349114
72.5609756097561,189,1.0762256482438923
61.49732620320856,200,23.39087276236899
100.0,14,12.215006210919615
79.0909090909091,126,15.515255298645267
76.50602409638554,200,23.735128021241607
77.35849056603774,200,129.190456816591
74.33628318584071,121,11.77171705740771
73.29545454545455,199,29.186838913281694
65.71428571428571,200,15.66379006232305
71.42857142857143,190,29.54512899389477
69.44444444444444,200,12.173120255296086
79.24528301886792,49,23.29742236131058
65.21739130434783,200,19.114911925706544
74.01574803149606,134,32.57165335895589
79.36507936507937,48,14.482954856078202
74.21052631578947,200,30.953518682897258
73.96449704142012,200,17.98988728477437
72.89156626506023,200,25.067988780965482
77.77777777777779,151,13.913538419966777
72.5609756097561,200,9.213247575479706
77.24550898203593,200,50.2929605989203
69.18238993710692,200,8.812046822275729
73.37278106508876,200,17.53763086605201
88.40579710144928,59,15.555700258441176
77.41935483870968,198,43.41236451714964
81.48148148148148,59,2.7708105983373224
76.40449438202246,200,30.14553237310112
73.57512953367875,200,15.611068727601472
68.78306878306879,200,14.15777969929816
70.85714285714285,200,35.35296177247718
72.95081967213115,131,8.151010407149528
91.17647058823529,65,21.87553855110636
88.60759493670885,70,24.42909569843333
78.67647058823529,200,14.481801603908364
73.64341085271317,150,11.22548242314848
76.69172932330827,153,20.09026896830874
84.0909090909091,79,23.84783260524594
68.87417218543047,159,11.423626414752002
75.92592592592592,200,51.178881038698236
71.6867469879518,200,32.360483028657235
80.80000000000001,129,27.6731926763265
81.13207547169812,116,4.997411923483314
86.20689655172413,52,11.313719052765096
84.375,28,11.521570633467775
74.56647398843931,200,13.472680675683922
63.49206349206349,200,11.70747833249271
76.57142857142857,200,20.05866193207334
100.0,11,24.09051573725481
76.40449438202246,200,31.76792070851946
72.22222222222221,200,10.566650636223446
66.29834254143645,200,27.382038089115877
78.68852459016394,44,3.3739141713188974
69.44444444444444,200,27.83748033198179
91.53846153846153,200,46.02322733653452
69.87951807228916,71,9.181201229193793
89.74358974358975,22,2.637407307530699
56.75675675675676,167,13.899880426237884
70.71823204419888,200,10.12998804200142
76.04790419161677,200,23.00251672863313
95.58823529411765,90,63.580835982332644
81.9672131147541,43,45.182556057173855
75.0,42,3.7658567634763775
82.63888888888889,160,45.534943253464284
72.83236994219652,191,24.239514981575077
76.21951219512195,200,74.67346721974435
92.5925925925926,18,98.77470199156849
86.27450980392157,39,41.11251664169317
63.42857142857142,200,11.64380534097604
67.35751295336787,200,14.832280891126707
75.92592592592592,124,24.429895480708236
75.31645569620254,200,36.65579021239619
67.58620689655173,147,9.767818813818431
71.66666666666667,200,12.31712105393417
74.23312883435584,200,44.293115786306736
86.40776699029125,148,14.298266702135095
81.60919540229885,200,38.245248834665894
79.69924812030075,200,30.1648650982977
73.07692307692307,200,9.795906579720606
78.16091954022988,200,51.994045150643636
76.78571428571429,200,12.109608674307873
80.88235294117648,51,53.979660730214015
83.33333333333334,130,39.71928813155836
76.19047619047619,100,18.224562832691916
64.55026455026454,200,27.759294701295854
78.125,12,27.9993733403829
75.90361445783132,200,28.635633826087314
73.68421052631578,118,12.817464357336805
66.66666666666666,200,12.175343096100182
81.13207547169812,104,33.85652555587809
78.51239669421489,147,22.767649495701658
84.84848484848484,52,52.56600469785998
70.87912087912088,200,14.902972297304233
73.18435754189943,200,33.53975453129921
70.52631578947368,200,23.937761564351682
84.84848484848484,163,21.293304482712056
69.27374301675978,200,14.247503554827821
73.8255033557047,200,32.64110444591541
72.36842105263158,161,14.521757996308123
72.2972972972973,200,20.781803421816903
73.91304347826086,200,24.4494824704325
70.28571428571428,200,29.414758316967294
68.25396825396825,200,18.475365815951076
75.47169811320755,200,33.44633692835666
78.51851851851852,133,39.45599298869329
72.41379310344827,200,10.587938829760413
77.8409090909091,200,37.315472818413134
76.92307692307693,200,25.70414761636958
80.0,200,41.141214309058896
77.88461538461539,120,10.696671855258517
73.74301675977654,200,16.33844423092075
90.41095890410958,72,13.81487759210245
75.86206896551724,54,25.103449311839277
72.85714285714285,161,11.303428403037815
78.28571428571428,200,9.226360024068104
75.0,200,30.329963504282603
73.93939393939394,175,24.793061726939907
65.9090909090909,200,22.20518797092473
82.51748251748252,200,24.73148104144198
84.15841584158416,103,22.794902764583366
75.35211267605634,200,1.673241944363175
88.67924528301887,37,1.0319176074490348
67.40331491712708,200,11.089813885429084
78.57142857142857,200,18.934812637538933
68.75,184,8.087591167862973
75.95628415300546,200,24.84906881477885
83.60655737704919,57,15.272638847983997
74.84276729559748,182,29.83000921422172
82.41758241758241,103,20.0033335378751
71.16564417177914,200,12.519965794484945
74.13793103448276,200,13.132831495644105
75.97765363128491,200,23.253547936319624
93.75,25,113.5864066048628
77.66990291262135,179,13.399003782888459
77.71084337349397,200,32.32577459966713
76.66666666666667,200,29.31201369179094
76.16279069767442,200,19.445364389947215
81.44329896907216,120,12.584948077474115
80.0,49,21.368816582651696
73.64341085271317,160,11.445802838690483
73.65269461077844,200,71.59600686353922
62.96296296296296,177,21.86852892212617
87.60330578512396,135,18.62648530164428
92.10526315789474,18,15.976514601447777
97.05882352941177,104,29.278990748413413
68.10810810810811,200,27.034977245641883
72.54901960784314,50,15.258709743377752
75.27472527472527,200,22.468405795630506
67.40331491712708,200,22.10153732141783
77.64705882352942,189,6.327690622141888
84.12698412698413,51,92.06845953217196
78.75,200,16.101965882778998
95.23809523809523,34,3.6873451179470647
64.24870466321244,200,22.75410078099101
74.35897435897436,200,20.56201632572782
84.31372549019608,200,48.41882270893296
77.38095238095238,200,20.365721200185998
79.54545454545455,156,12.078289477906617
71.42857142857143,186,22.863674984160994
75.28089887640449,200,19.496481159254323
72.5,180,18.022738200623944
86.66666666666667,148,9.809112134608764
79.26829268292683,200,11.720408425540784
68.26347305389223,200,18.640967091843898
69.94535519125684,200,22.816309785622092
75.41899441340783,200,15.748892544136957
85.71428571428571,104,34.00980421697603
79.3103448275862,152,34.414735513310646
67.24137931034483,120,12.870988069939546
72.22222222222221,200,25.83587920176372
76.70454545454545,200,18.280888557783005
77.21518987341773,182,22.821496842040503
83.56164383561644,71,1.2643872986362652
77.31958762886599,84,23.67003359144617
75.0,163,22.378388732210443
72.61904761904762,200,15.354955272672331
63.46153846153846,192,8.621886209498788
100.0,8,5.876000176881532
75.0,193,60.74470505615004
67.2316384180791,200,14.354659831573807
76.0,168,24.21538190590997
71.42857142857143,200,55.565372751202986
75.67567567567568,200,28.352901648099166
87.2340425531915,33,48.311817427904465
81.65680473372781,182,55.81918399559796
77.90697674418605,92,48.55514706374878
68.2051282051282,200,55.6481041034203
79.54545454545455,200,28.575878135810616
77.47252747252747,200,11.535049539287442
76.78571428571429,200,29.518984195227223
74.07407407407408,200,54.033852371019364
78.16091954022988,200,10.990656394168418
67.77777777777779,200,13.039203297334184
76.11940298507463,58,23.329986801518064
75.60975609756098,74,24.05879787758853
68.88888888888889,200,19.582639156588048
74.53416149068323,200,23.814167878536825
75.81699346405229,200,42.58251730262549
84.21052631578947,55,5.626904612010085
74.54545454545455,200,18.226645980394846
89.55223880597015,200,20.541611041353367
88.46153846153845,72,36.33420591284115
70.05347593582889,200,19.332989085589578
74.69879518072288,200,7.293484554987298
83.11688311688312,77,9.486496018831255
83.43949044585987,200,30.66922712256724
81.95488721804512,147,43.09156880203169
80.58823529411765,200,85.25981014900526
89.79591836734694,45,21.93268760490561
73.50993377483444,200,22.429927382530224
81.95488721804512,200,87.35796912960603
76.06837606837607,129,13.220944048292331
78.68852459016394,200,28.64930930741752
86.07594936708861,73,20.936094016566443
78.16901408450704,158,27.638514216412567
74.52229299363057,181,20.3220526019982
81.53846153846153,85,3.1774158686140535
68.93203883495146,134,6.148440572520797
75.625,200,34.66226078867069
78.19548872180451,138,28.020510028114696
79.06976744186046,103,7.868938302914046
97.72727272727273,28,95.538867408641
67.12328767123287,87,5.48352135565067
92.0,49,21.40413928160425
69.04761904761905,200,10.688716878964204
75.0,200,26.047593143738727
76.04166666666666,89,17.193133502579972
97.43589743589743,66,8.202210320136055
74.56647398843931,200,14.896977889976188
88.1578947368421,81,14.26222605715561
90.12345679012346,86,6.64452812214392
85.1063829787234,181,12.416230091266126
74.70588235294117,188,23.233565891233344
67.74193548387096,200,19.215227395997935
66.66666666666666,200,9.379014072937524
67.79661016949152,200,17.872383922455324
78.48101265822784,192,36.890738930127974
64.9425287356322,200,16.24777580063237
95.34883720930233,39,18.312774017066246
77.40112994350282,200,18.916916043121073
80.48780487804879,139,14.157393322863923
75.64102564102564,181,15.234271287708484
77.93103448275862,165,31.771658875182048
76.36363636363637,200,45.27183904196199
72.02072538860104,200,12.628408697428824
73.86363636363636,200,10.88343711260033
80.0,200,23.167426048809446
68.58638743455498,200,11.330393754541726
68.71508379888269,200,9.591148642580515
90.38461538461539,49,7.578746353366279
81.0126582278481,200,20.311452272915027
84.32835820895522,156,18.985663367311616
65.59139784946237,189,14.981594479598742
80.51948051948052,76,27.41609339490583
71.9298245614035,200,19.35560685018842
73.52941176470588,178,15.489564071059755
78.28571428571428,200,17.831591869673552
89.47368421052632,21,3.0772189571712842
83.33333333333334,68,5.29058845470104
69.76744186046511,200,10.542402084184346
80.76923076923077,191,41.43322681506461
83.01886792452831,37,1.0833757238301285
72.87234042553192,200,28.85320369972648
81.25,200,22.579150625352014
100.0,6,41.34906102101181
80.74074074074075,156,20.03510618800391
100.0,13,14.18148482127496
76.92307692307693,200,16.738876302416276
87.75510204081633,38,24.88355884106078
75.13513513513513,200,19.109527992586486
68.70748299319727,143,9.960551534720237
77.96610169491525,200,28.747287365893108
93.22033898305084,51,8.08059074892123
69.27374301675978,200,31.243847934075134
73.37662337662337,176,14.211192750557256
72.5609756097561,200,27.041791726830006
100.0,3,38.95445924104022
75.5813953488372,200,30.838147964445763
72.98850574712644,185,14.988436236636954
69.31216931216932,200,29.081712951315982
78.57142857142857,81,38.94591525004954
74.21383647798741,172,8.05614142787587
78.33333333333333,200,37.46876400690359
70.86092715231787,200,22.58069961222848
80.18867924528303,93,44.3403252013954
80.58823529411765,200,20.068429788329443
75.18248175182481,132,28.10696458165119
81.60919540229885,88,36.469108922584056
76.70454545454545,185,13.152119259444676
70.5521472392638,200,7.28945831698433
85.0,38,29.4836043585671
73.71428571428571,200,27.029696847828102
72.67080745341616,164,28.28543600309873
82.53968253968253,133,38.62620143082542
100.0,41,9.403128482207615
82.22222222222221,99,8.57953532671097
83.09859154929578,63,14.095365516189803
100.0,12,12.96244670368078
73.68421052631578,134,10.738187726075685
80.50314465408806,200,26.673944480050128
100.0,49,22.09049283492003
70.05649717514125,200,14.351346081811892
67.04545454545455,200,9.756872993843093
81.17647058823529,89,20.46801428091221
71.15384615384616,96,28.772725125399266
88.33333333333333,36,20.129870149921693
81.54761904761905,200,27.369681597564206
75.21367521367522,123,18.72559003933071
82.30088495575221,125,18.65302620909235
62.06896551724138,200,8.423752754020164
87.5,43,52.68764485502338
83.55263157894737,180,22.395392539378793
77.24550898203593,200,11.790861686634438
81.17647058823529,200,140.17521203046172
75.14124293785311,200,35.001346137325676
86.8421052631579,22,152.24942166011667
77.51479289940828,200,35.48482130798786
74.46808510638297,200,7.272564564461771
69.56521739130434,194,22.17933257097047
72.62569832402235,200,16.73391348706719
72.88135593220339,200,24.94353477133293
79.62962962962963,200,28.48818346633674
85.8267716535433,164,33.50629567208177
80.66298342541437,200,90.16852350033317
88.88888888888889,93,32.054295905074966
67.26190476190477,200,16.161423532432163
78.35051546391753,87,19.405876357626145
75.42857142857143,200,25.870883209921555
75.55555555555556,200,40.194295895524796
93.33333333333333,9,180.01600706867148
85.18518518518519,200,69.22354273674657
68.96551724137932,153,17.519279599720427
87.71929824561403,42,23.208602767472247
90.47619047619048,54,20.748909811729664
86.1788617886179,151,12.291904715680232
72.97297297297297,200,17.1349644379748
87.5,5,5.623406817207126
73.65591397849462,200,16.168366957723872
73.14285714285714,200,13.881690884515795
92.7536231884058,72,2.4300136039550564
69.89247311827957,200,8.488079924797526
75.14124293785311,200,27.409334727467403
71.17647058823529,200,17.802306740714307
78.18181818181819,200,17.280475148497334
73.91304347826086,200,55.00035735522225
85.9375,57,10.00520748211028
89.47368421052632,60,63.38204395965581
72.72727272727273,200,24.729475270268875
79.20792079207921,111,7.1325388537766425
80.48780487804879,200,43.766344636017784
82.5,38,4.604103576650506
57.14285714285714,200,7.792561221107419
72.45508982035929,189,11.50175505960699
72.63157894736842,200,10.27865934457149
85.45454545454545,49,37.94095041162855
75.42857142857143,200,19.30649210207324
73.07692307692307,200,25.428017125259252
76.37795275590551,141,12.964743709730783
77.21518987341773,70,5.283021958754536
100.0,6,22.054340611601774
87.5,133,39.90874354382476
100.0,18,28.228395444610893
86.25,85,29.10165866647696
78.78787878787878,55,16.775185598305907
78.43137254901961,33,14.837982165661323
87.5,46,10.011859237502737
91.11111111111111,32,43.648608410311105
75.0,32,14.123109481967152
74.8663101604278,200,21.767344451964593
78.68852459016394,200,62.30612831071911
74.57627118644068,200,27.846513721388323
90.27777777777779,58,40.848219210975465
79.56204379562044,138,23.311108914823695
90.0,86,59.58683946896013
72.95597484276729,200,42.873481014261934
75.59523809523809,200,28.815407310325
74.49664429530202,163,23.144593255112746
84.15841584158416,137,14.072480353461946
81.81818181818183,37,24.125922837980028
92.0,35,20.671451222856234
77.30061349693251,200,16.1720470516636
84.88372093023256,80,7.814742520790222
82.85714285714286,67,24.786031653302384
85.85858585858585,109,33.88152424091247
82.35294117647058,80,74.59835120111109
69.36416184971098,194,22.857110391541628
94.64285714285714,94,54.31895469708198
74.64788732394366,180,7.813017794803489
79.24528301886792,105,10.096062181072435
80.0,196,12.478478947533091
69.1891891891892,200,15.053584988164031
76.11111111111111,200,16.211258296026724
86.36363636363636,48,50.33010016656961
66.85393258426966,200,15.967404508650743
76.97368421052632,159,13.626424640188995
77.77777777777779,200,36.42186555175031
70.9090909090909,200,15.905093924420735
97.05882352941177,29,333.8556520631367
77.58620689655173,200,15.341013917327583
82.14285714285714,80,25.916686780031394
65.14285714285715,200,22.142897530504246
75.93582887700535,200,20.66864245312474
73.33333333333333,200,17.039909809078992
72.22222222222221,76,11.401322457359832
74.69135802469135,200,39.18342131606617
72.66666666666667,200,17.604465680723337
81.3953488372093,200,42.66580824360769
80.95238095238095,200,32.01957599225648
71.89189189189189,200,13.001429510653855
78.57142857142857,98,1.0038739037427418
73.17073170731707,188,13.04196180926715
72.25130890052355,200,34.789700144924254
71.89542483660131,200,12.429433501789086
82.35294117647058,130,18.23335038349858
86.27450980392157,39,60.88569772698294
69.94818652849742,200,34.87673580672991
69.47368421052632,200,20.28152153353541
83.89830508474576,134,16.605804520677538
69.6774193548387,200,13.128439312818536
76.04790419161677,200,19.578918984855402
72.98850574712644,183,31.150350521343874
67.79661016949152,200,21.82358079707855
67.04545454545455,200,16.608417958095608
68.78306878306879,200,14.452231712943552
58.06451612903226,200,9.046775921736216
75.16778523489933,200,20.60413357151258
73.75,177,20.51502130469798
78.76712328767124,156,53.76285757171097
85.21739130434783,131,21.308480474768846
81.08108108108108,38,14.45213305800559
91.17647058823529,11,1.9111114126529394
75.56818181818183,200,33.297000951345325
83.6734693877551,194,11.530742004375938
92.63157894736842,187,42.54686740791023
74.32432432432432,65,8.225575849306258
76.47058823529412,85,11.943103492757993
69.64285714285714,46,3.6758083252325444
76.75675675675676,200,14.218246030986023
70.05347593582889,200,22.112568805518677
71.8232044198895,200,30.53570984677089
70.71823204419888,200,20.022935905665737
70.9090909090909,39,3.8918615824733944
72.72727272727273,200,14.931815222854993
72.39263803680981,200,19.632561585529853
69.56521739130434,200,23.44389643027774
61.74863387978142,200,10.949805232321486
71.57894736842105,81,25.872503322567344
74.65753424657534,163,40.38847468643773
95.55555555555556,29,26.53589087246133
84.375,41,35.2845690476741
76.4367816091954,200,24.60463171248721
76.64670658682635,200,55.90825393840604
76.16279069767442,200,27.27703771642915
66.07142857142857,43,26.204997197718978
90.9090909090909,56,6.960448297221126
65.69767441860465,200,9.899442426901857
81.14754098360656,120,10.285991797656235
68.63905325443787,200,12.634391794675388
96.29629629629629,5,82.65184806441529
72.02072538860104,200,21.2855636376073
76.11940298507463,143,17.173069744470197
70.9090909090909,175,18.83497424458659
80.51948051948052,63,13.965548748797687
78.43137254901961,39,23.28419334229988
60.0,200,8.474196760704555
84.6938775510204,100,53.532026645524496
83.00653594771242,200,23.389755361906893
92.3076923076923,55,11.537554006035885
73.71794871794873,200,11.394301427453259
64.3979057591623,200,10.488381100541739
75.0,200,60.553918673773794
85.5072463768116,75,11.617599716160546
87.8048780487805,46,9.057939477299433
72.27722772277228,118,25.677522532519077
88.46153846153845,19,4.772679185138822
84.8,137,29.383220058953878
70.49180327868852,125,12.505387430520104
90.625,16,129.83663537534048
72.1311475409836,200,12.275115100095539
72.58064516129032,200,18.825405644677335
77.32558139534885,200,13.934426795648484
72.97297297297297,114,18.323035801525467
67.2316384180791,200,11.095966607854377
80.95238095238095,200,23.079052553218954
67.28395061728395,200,10.753641572975361
68.45637583892618,188,8.022960703644406
83.60655737704919,47,4.036387510120313
72.67441860465115,200,19.72030578137819
74.71910112359551,200,16.403255483981887
75.69060773480662,200,10.879252638564273
85.24590163934425,43,30.79599104668474
80.12048192771084,200,20.869039746679626
69.81132075471697,189,27.435401407164168
96.42857142857143,76,51.60123299025082
94.73684210526315,65,3.1653227388839666
88.88888888888889,128,51.71550050803249
66.83937823834198,200,17.349835307962895
78.26086956521739,200,32.271349165843326
91.80327868852459,59,17.85688228080579
83.05084745762711,53,22.059726522540622
86.66666666666667,43,14.383261873614906
66.49214659685863,200,14.854614870150883
92.3076923076923,2,5246.862616324292
68.33333333333333,200,10.017855315554264
92.85714285714286,3,40.79542747789987
71.42857142857143,200,11.197522956955194
74.19354838709677,140,29.90205710202091
68.55670103092784,200,14.036123772692427
86.36363636363636,134,19.084730773890065
63.18681318681318,200,12.748716965779535
89.1891891891892,86,13.437746048515681
89.32038834951457,124,41.1647061081078
82.52427184466019,123,27.65026601150649
73.33333333333333,200,10.995387952179621
88.31168831168831,74,65.86956300395576
77.52808988764045,200,20.97925326141798
59.876543209876544,165,13.886622350942645
76.96335078534031,200,59.73305611935625
75.6578947368421,169,29.962262346157896
77.96610169491525,200,24.1870021868588
71.77914110429448,157,12.528604190231823
82.01438848920863,162,24.435073114897804
79.8780487804878,200,47.68839818752271
69.43005181347151,200,18.96346726621678
72.06703910614524,200,7.079166107530589
76.68711656441718,180,31.680227126188235
77.31958762886599,200,25.949735528010038
90.0,27,10.479540753275833
73.48066298342542,200,34.270743721919516
79.8780487804878,200,37.01481799579654
84.78260869565217,94,9.756129804823281
61.627906976744185,200,13.354951012068078
90.9090909090909,9,17.799698002529702
77.12418300653596,176,12.805807012774471
76.53061224489795,110,17.66002859036063
87.3015873015873,75,57.923075292256996
76.66666666666667,200,15.397793674145621
89.28571428571429,11,9.841637312540445
70.0,88,12.4792845042676
75.44910179640718,200,14.08055972411769
75.4601226993865,170,36.47515359469326
69.78021978021978,200,16.594698521493484
74.65753424657534,169,28.150749428453672
76.878612716763,200,14.766099578371456
81.70731707317073,98,16.642852435604105
75.0,93,13.52840312567995
78.0,95,9.55368523198741
72.82608695652173,200,13.445470838580482
92.10526315789474,16,58.031492272471105
84.28571428571429,165,12.364394074477332
70.87912087912088,200,17.16474053345722
75.66137566137566,200,14.381708967727842
93.10344827586206,3,71.95386403305517
72.88135593220339,198,81.96474839291777
77.77777777777779,188,17.35461465801143
75.84269662921348,200,20.48860683559884
76.03305785123968,120,10.155967694464449
75.75757575757575,96,10.4975200001183
78.94736842105263,200,36.550447790700524
78.84615384615384,200,14.994475235514386
73.59550561797754,200,28.018395941638367
70.1086956521739,200,32.904131032796585
75.97765363128491,200,38.62536168171715
69.14893617021278,200,23.119082793331142
80.89887640449437,87,60.11856228556352
85.22727272727273,86,65.31796350556675
68.53146853146853,200,11.602874682468268
69.51219512195121,200,22.084542032108263
63.725490196078425,200,46.5835600250091
80.35714285714286,200,15.05767606098944
78.61271676300578,174,19.755021100606026
73.14285714285714,200,34.04738810864207
73.27586206896551,105,13.759222278373175
63.77952755905512,147,12.759617839682221
75.70093457943925,114,19.449761897052312
92.3076923076923,19,132.51949842772672
76.875,161,41.00850794722663
81.91489361702128,94,10.350691398225296
77.6595744680851,200,23.244616257670337
72.91666666666666,200,16.274439829951593
62.42774566473989,200,12.627272213947418
85.18518518518519,2,29.944406232765637
86.0,28,13.84330102801171
77.41935483870968,78,40.36960683303926
83.05084745762711,90,46.92442554719727
67.01570680628272,200,11.341760117332969
83.33333333333334,98,33.515547667265665
74.12587412587412,168,9.497974909767208
74.07407407407408,145,15.804584729023704
96.55172413793103,3,29.21308200818291
87.71929824561403,39,34.517874418431624
72.31638418079096,200,12.987019174895277
64.21052631578948,128,10.739589846433407
74.30555555555556,159,11.293119022589337
77.94117647058823,84,19.271300567386813
84.5360824742268,87,22.339957085449132
78.52348993288591,159,15.663897358332422
87.2,143,50.80469030997884
74.83870967741936,171,20.03713320508526
83.33333333333334,96,28.440006472566953
71.15384615384616,93,8.492836882481338
75.15923566878982,168,36.99251169807095
67.08074534161491,166,14.893319762450771
76.0,200,22.32410583388049
85.45454545454545,36,11.790851088564155
86.66666666666667,7,6.029491043451554
69.39890710382514,200,13.263518826843947
94.28571428571428,112,38.21968052405451
92.6829268292683,23,15.230039383720408
72.7810650887574,200,16.404210617344773
65.13157894736842,186,14.112519871132749
87.14285714285714,58,23.66748292303446
75.0,54,11.5889525623905
71.1864406779661,200,13.5944864420956
71.65775401069519,200,15.714563756488934
82.6086956521739,106,23.568152780980448
77.27272727272727,173,25.722233058095476
68.85245901639344,200,26.42878694641543
70.76023391812866,200,30.29788858108462
73.65591397849462,200,11.482440314018769
75.42857142857143,185,9.969740563542462
81.87919463087249,170,27.570667133737892
78.26086956521739,200,12.927193299097226
82.94117647058825,200,25.524937348646343
79.8780487804878,200,31.677145009917005
70.83333333333334,200,14.187103230578085
68.96551724137932,200,38.25485187436276
68.53932584269663,185,8.412906920948835
70.58823529411765,198,22.57381949149377
78.37837837837837,169,16.05240416861694
93.33333333333333,58,4.614282216490771
76.92307692307693,200,26.5947584891525
87.14285714285714,178,30.99639143506124
74.86033519553072,200,11.274569314987346
90.0,42,42.47364322807633
79.78142076502732,200,54.30814964098128
75.28089887640449,200,28.525717134569923
73.71134020618557,200,11.21442300257587
76.875,200,15.409881871708125
73.01587301587301,163,8.95683424300562
70.32967032967034,200,6.394142793886307
71.96969696969697,130,9.617159527986665
76.14678899082568,108,13.872054008627956
70.44025157232704,176,22.400367725506943
100.0,200,1.4490454817705083
84.21052631578947,139,9.345178773997011
75.16778523489933,176,15.566578837488974
84.48275862068965,35,1.5524529518453842
70.2247191011236,200,10.01484043189188
76.19047619047619,124,21.172790486055227
65.45454545454545,200,15.277441846262528
76.13636363636364,200,28.068151614337882
75.95628415300546,200,16.649857924559157
77.77777777777779,200,28.114475939716012
68.71508379888269,200,16.943147371541492
78.125,108,6.341755198976866
79.04191616766467,200,39.87867491435528
79.55801104972376,200,29.878592038340518
78.74015748031496,127,18.680315522939114
75.41899441340783,200,19.810691259040066
73.03370786516854,200,11.67762263444906
91.30434782608695,38,2.6881079813309983
89.04109589041096,56,14.951863146693052
79.34782608695652,76,27.668698567086544
91.17647058823529,17,13.18126124596172
89.02439024390245,74,22.269124273267106
71.8562874251497,192,22.797709464487365
82.52427184466019,105,17.718723404081647
87.27272727272727,65,7.6943913626818965
71.93877551020408,200,17.793653917053224
100.0,14,9.007624737062885
78.70967741935485,184,17.398480689362785
60.11904761904761,200,5.2037614932504335
72.0,182,10.549623101596302
86.66666666666667,51,14.092896048301299
93.54838709677419,26,109.18532631353354
80.0,87,23.58494584283999
82.68156424581005,200,83.47451877693278
86.04651162790698,29,25.864478561534288
73.65591397849462,200,5.748911578566491
90.0,33,1.3846314334218117
68.50828729281768,200,10.201714235669117
81.60919540229885,101,48.47622836486747
69.5906432748538,174,16.344272772184688
77.8409090909091,200,35.52677004477149
69.34673366834171,200,12.047987787392819
75.26881720430107,85,9.981172451596194
75.31645569620254,200,12.492159335987491
76.97841726618705,148,9.70437366156654
72.72727272727273,200,29.775284634178117
59.06040268456376,180,26.602983184663277
92.45283018867924,72,10.148209571994641
80.95238095238095,104,20.3592283188621
80.57142857142857,200,20.265563149737446
81.52866242038218,200,27.412491263322252
78.2312925170068,161,47.21259641490042
74.72527472527473,200,8.7649106409681
76.66666666666667,200,20.145870887116295
87.27272727272727,54,14.24511738838488
74.17218543046357,200,17.09206789383898
74.45652173913044,200,18.056996242426028
74.07407407407408,155,16.639210448960576
75.97765363128491,200,13.521929792933648
86.4406779661017,41,17.06969408421395
81.30081300813008,112,31.286341137514754
75.0,34,19.166801540900238
77.30061349693251,164,22.001242090523995
71.7948717948718,200,24.42522797041461
85.0,70,24.97288928865622
96.0,9,56.61361956512369
84.78260869565217,80,10.58880247423677
85.96491228070175,32,21.87899181360388
100.0,12,5.76211197687177
84.4155844155844,68,10.744125852862112
74.30167597765363,200,29.424245874563248
79.03225806451613,57,40.07460106125533
75.0,200,57.631962190698694
89.0909090909091,32,11.943723655847982
73.49397590361446,70,9.015158239341757
92.3076923076923,29,12.329836027581287
70.87912087912088,200,22.54080543190755
84.61538461538461,137,88.58395846128803
64.21052631578948,200,12.870897963502314
82.83582089552239,159,11.845491642658416
67.72486772486772,200,16.520028850035875
70.87912087912088,200,14.293740891911181
69.35483870967742,200,20.08035207813787
71.76470588235294,200,15.605896606211106
85.71428571428571,179,34.902969610531144
68.88888888888889,200,15.31410336437086
80.59701492537313,57,29.15359875411153
75.15151515151514,200,33.52505634638839
74.73118279569893,200,16.09391058872682
67.4074074074074,135,11.832013498904924
91.95402298850574,100,15.02299781077622
79.6875,43,11.18313267838281
67.74193548387096,200,11.125412419541512
77.57575757575758,200,35.63605916679424
81.48148148148148,74,16.415564281688276
81.55339805825243,104,16.934858564057002
86.25,83,43.05906198962088
72.37569060773481,200,23.659656062362885
91.66666666666666,13,52.68160079286172
86.95652173913044,72,25.969381388479288
73.68421052631578,200,22.66635009869081
73.83720930232558,200,7.259831123808903
69.84126984126983,200,17.13907297942062
73.96449704142012,193,28.051841552022132
93.33333333333333,8,41.894268429688715
74.54545454545455,182,20.580023984961386
72.87234042553192,200,5.967161636702042
74.58563535911603,200,25.761487676799664
73.9795918367347,200,34.5809182042934
71.1864406779661,125,12.531580423130693
75.96153846153845,87,18.73143227109782
76.08695652173914,200,23.560693513496727
71.35416666666666,200,19.518027297160163
63.68421052631579,200,14.226728447907785
78.94736842105263,20,49.29276515967024
79.48717948717949,69,71.35494078297513
73.51351351351352,200,17.851008805698953
76.37362637362637,200,19.954505824474545
74.09638554216868,200,37.175717196710224
91.8918918918919,30,1.0001716125224098
68.75,200,10.619723014932138
74.11764705882354,178,6.9397132574826434
84.7457627118644,43,30.616310721483327
89.53488372093024,97,47.772296259771494
92.45283018867924,66,46.104817808605574
71.20418848167539,200,26.936477966866754
74.31192660550458,109,27.10135314437547
84.24242424242424,200,38.1533253235789
49.152542372881356,200,6.79027125219299
75.51020408163265,200,21.86888087106066
91.8918918918919,30,1.0001401999516064
73.88888888888889,200,14.89960958901443
64.21052631578948,200,7.472555265169327
73.44632768361582,200,14.884379706127211
80.85106382978722,37,10.989876151592526
69.23076923076923,180,12.29237665501775
73.5632183908046,182,23.91345476961062
74.375,196,28.25253259234503
92.53731343283582,70,51.72206254203294
78.85714285714286,200,51.29466085818603
74.85714285714286,200,30.34011148054026
86.86131386861314,200,80.7337516177257
77.63157894736842,200,33.980581444973375
82.5503355704698,187,16.392985410794548
97.05882352941177,9,7.2739382569453035
78.72340425531915,200,15.475602483034958
67.26190476190477,175,8.971417137593274
69.35483870967742,200,9.751575303912906
84.375,200,63.81633533011164
75.25773195876289,83,21.167530353729347
81.11111111111111,77,10.80380761165269
86.53846153846155,29,5.908666369234943
71.5909090909091,200,23.53629075919673
73.97260273972603,58,19.90604769485177
76.66666666666667,200,29.349297842646553
76.50602409638554,200,18.32269777527425
74.60317460317461,200,19.564967823700965
87.01298701298701,73,28.856280206583122
78.70370370370371,120,9.690569072485864
73.18435754189943,200,24.940790321377673
66.10169491525424,200,12.985274717468519
84.81012658227847,63,17.7610675726119
73.74301675977654,200,34.55680079691036
71.27071823204419,200,23.76946730494777
83.33333333333334,47,25.888253777590027
67.70833333333334,200,26.15563993782108
81.46067415730337,200,21.10988654762485
84.070796460177,137,65.06221024447423
74.28571428571429,200,14.918354477545746
72.18045112781954,130,12.189119571384605
76.0,185,31.237897568817772
74.46808510638297,200,23.144679279420984
84.78260869565217,27,12.965357240042849
75.32467532467533,167,7.443952540288876
82.35294117647058,10,17.55839877690574
83.01886792452831,43,11.990300281534038
74.63768115942028,200,15.778818951924402
77.01149425287356,200,16.923397116332854
69.85294117647058,148,40.62906259297528
83.22580645161291,183,6.754076911038768
80.12422360248446,200,13.17419893422705
74.43181818181817,200,17.496904226333772
66.21621621621621,136,13.517271547549145
72.7810650887574,200,23.60851070794818
72.10884353741497,200,25.316239464914553
80.3921568627451,96,20.0620659443933
67.53246753246754,200,19.1488107165298
80.95238095238095,52,10.427031303665535
71.27071823204419,182,32.00774717382231
88.88888888888889,46,21.199025703702112
78.57142857142857,200,11.58411197485255
72.09302325581395,129,22.686114601295152
56.25,200,6.644457047782675
78.76712328767124,147,40.77963554300828
75.17241379310344,149,13.598918799532
62.23404255319149,200,17.940740280921354
72.82051282051282,200,14.729620838387183
81.5068493150685,174,14.455522870976031
70.58823529411765,200,28.32103872049488
86.18421052631578,200,33.38111320961997
91.80327868852459,47,62.61237113082175
73.17073170731707,200,27.691367837596932
67.95580110497238,200,11.802788947253475
61.452513966480446,200,13.16276390790365
87.12871287128714,137,14.941496897423946
83.0,106,75.56446575054983
64.86486486486487,200,10.506439112013242
88.70967741935483,150,19.023887366136996
76.36363636363637,104,15.559006073273343
64.24870466321244,200,24.15827065069536
79.28571428571428,156,45.735327266364145
85.07462686567165,43,12.423871490023814
74.60317460317461,200,47.860086230071104
72.82608695652173,200,13.533001578469477
83.6734693877551,27,15.452111426372884
74.30167597765363,200,8.675739438055931
64.24870466321244,200,12.068731055889174
81.17647058823529,79,41.11232173498847
65.42553191489363,200,12.325244307660558
63.58381502890174,200,8.30856563861863
72.25806451612902,167,17.775454186320676
79.16666666666666,124,44.429827825382766
73.93617021276596,200,34.83544622120906
57.55813953488372,200,7.63277554253804
63.730569948186535,200,24.401595767871378
74.25149700598801,200,14.471742909691745
82.02247191011236,82,23.308099399501362
70.2127659574468,200,52.310753535606196
77.31092436974791,126,21.517580169340572
73.80952380952381,114,11.855000830306434
84.28571428571429,59,4.313592746120524
73.14285714285714,200,16.511303745025778
78.57142857142857,67,14.488925858563306
68.08510638297872,142,23.51539705160168
89.28571428571429,76,30.40862109736025
78.77094972067039,200,31.028978343973026
66.31016042780749,200,11.199828664990644
94.5945945945946,21,23.68754205306943
78.3132530120482,200,24.245892647299268
87.87878787878788,44,8.774397726308456
67.33333333333333,139,17.905216171724728
68.50828729281768,200,15.837175678565979
77.01149425287356,200,22.91092627969531
80.59701492537313,59,18.514702758345983
81.81818181818183,156,21.081991922447074
92.3076923076923,58,6.239718589866485
76.07361963190185,200,9.431634435657797
74.73684210526315,200,14.381863541865616
88.13559322033898,48,44.35902127507971
72.10884353741497,167,9.918548623547709
79.24528301886792,31,16.99248196715807
82.6923076923077,26,3.8869736638153003
77.09497206703911,200,15.555006093774644
78.39506172839506,200,40.19745239420976
74.87437185929649,200,32.60337078571219
48.63387978142077,200,12.205390447673905
75.13513513513513,200,10.407612732212362
73.15436241610739,157,31.22574913282921
77.71739130434783,200,22.393891448936163
71.25,169,25.436398150006955
78.84615384615384,177,55.13125334521621
72.67080745341616,188,39.29318329410584
80.74074074074075,200,27.908455382978484
80.95238095238095,178,10.731880571744833
44.57831325301205,200,1.391757107222021
67.90123456790124,200,9.355193440583902
80.2919708029197,155,15.91812463661153
88.88888888888889,36,17.867406746195908
71.09375,132,20.26045708964696
85.22727272727273,82,40.9862271748902
69.14285714285714,200,10.286134232381974
75.0,200,19.257227100428114
89.55223880597015,51,20.8980494250637
78.57142857142857,86,51.233010877001014
87.17948717948718,24,15.768207739972388
71.11111111111111,200,28.608510272934687
75.82417582417582,200,13.752562444101361
79.09604519774011,200,32.12775005164098
82.85714285714286,113,73.48765769381153
76.97368421052632,165,15.8065014058549
76.5625,200,27.95613488731434
76.12903225806451,158,24.200079317108163
75.73529411764706,151,15.492984036991936
93.75,20,1.2132673191138237
73.91304347826086,200,23.92825969528413
82.38636363636364,186,25.366564650715905
72.36842105263158,160,15.568942530087849
85.58558558558559,100,28.122121162535617
71.31782945736434,144,7.206265409515199
81.03448275862068,200,33.700971335860764
73.09941520467837,200,24.024196571563866
92.1875,52,5.7943870610648265
78.45303867403315,200,28.893599018347828
83.33333333333334,133,13.750077199204327
85.29411764705883,118,12.980471199660018
69.78021978021978,200,10.521729902078919
78.65168539325843,122,6.450508964086589
89.0625,59,13.573855270995065
83.82352941176471,56,60.417349316866826
85.1063829787234,36,33.653668728219564
52.41935483870967,120,6.079576108260353
84.40366972477065,117,41.07651019678148
69.88636363636364,195,28.233072106372173
78.14207650273224,200,23.986007196317384
88.23529411764706,12,38.49994219525668
80.24691358024691,66,21.165766105047666
71.35135135135135,200,15.437900269642434
78.07486631016043,199,17.05524452663279
100.0,18,8.11985263469925
87.3015873015873,42,76.96037951683176
77.3972602739726,200,26.851399644003582
74.71910112359551,200,25.139071822801352
72.43589743589743,200,23.274388310499216
79.14438502673798,200,26.264441372825246
75.177304964539,137,43.77965346174865
71.80851063829788,200,10.835285886618017
71.19565217391305,200,4.573118066123107
73.07692307692307,164,11.08367516037322
80.0,200,31.20823652562419
69.84126984126983,189,14.977045073403712
80.41237113402062,90,50.75354997325377
77.07006369426752,170,34.75916070666157
72.87234042553192,200,13.92288584474455
65.81632653061224,200,14.2234220529018
71.34831460674157,200,19.837126511428472
74.3801652892562,116,16.42417755981226
87.03703703703704,117,33.38043595547578
84.81012658227847,72,18.585976947496867
69.02173913043478,200,19.52197289958361
86.76470588235294,66,3.5339601361443362
71.09826589595376,200,7.171393950222745
69.08212560386472,200,11.77661995982827
90.9090909090909,18,7.833758496704728
75.41899441340783,200,17.071003621405143
74.61139896373057,200,40.907569597207264
75.13513513513513,200,14.074256563437793
66.49484536082474,200,15.841937737411198
90.0,16,26.12402789894276
68.06282722513089,200,15.471205130575182
78.57142857142857,200,19.074893445717308
77.86259541984732,130,15.092208498656465
73.5632183908046,200,32.95314819680001
66.83937823834198,200,12.216435660390252
65.45454545454545,168,15.626749998587968
65.81632653061224,200,15.99318470980216
68.58638743455498,200,19.61783729641781
70.65217391304348,200,6.99379307893529
63.74999999999999,200,10.973784148645011
49.01960784313725,31,1.673340965681812
78.26086956521739,200,8.688311645992952
66.66666666666666,78,7.844270490330279
75.66137566137566,200,30.950309407201704
70.87912087912088,200,11.878447862868873
78.0,38,6.831517449747564
72.28260869565217,200,15.26939999361795
75.0,6,10.739855210035817
78.57142857142857,62,39.85630946058967
80.0,116,19.63797673731029
80.43478260869566,74,11.499294577141331
87.71929824561403,49,6.165458023606979
65.96858638743456,200,17.43999840290527
58.08823529411765,200,2.7151164883651373
76.04790419161677,200,30.96872012522303
69.71428571428572,200,12.943609333420255
94.69026548672566,200,93.58486287702168
72.92817679558011,200,15.058565732538842
80.3030303030303,70,11.67080294791798
67.63005780346822,200,16.806998792016994
73.11827956989248,200,14.340386245069569
70.8029197080292,127,16.355801333820573
73.41040462427746,200,30.79611142708703
65.0,177,19.771833603407
75.55555555555556,200,27.560534894390393
69.64285714285714,173,14.642793238561614
68.0,176,15.922051094987353
74.54545454545455,200,18.696410105778106
70.71823204419888,200,25.283224445679267
76.40449438202246,200,28.28691951590426
69.71428571428572,200,15.129490192065768
75.82417582417582,200,25.780010119138353
82.79569892473118,88,25.942498309821904
74.17582417582418,200,26.963824924006456
64.91228070175438,200,7.860625498848342
76.88172043010752,200,24.305687530016993
69.68085106382979,200,17.50784433658411
77.05882352941177,200,12.49865081517909
77.8409090909091,200,9.97735154100087
72.22222222222221,154,27.729959459052843
80.3921568627451,200,61.21094360924215
78.4090909090909,194,19.860568340323592
77.08333333333334,91,32.86730765591856
77.64705882352942,72,47.3312910697006
78.46153846153847,41,47.35879982849575
78.03030303030303,136,22.543984093977116
80.55555555555556,109,6.4464083664604805
77.31092436974791,123,23.926977111740598
77.36842105263158,200,23.413374162929784
78.30188679245283,100,30.61857776445521
75.43859649122807,27,14.700913035566549
68.71508379888269,200,26.744229140499968
69.80198019801979,200,19.644378789112636
87.09677419354838,2,2.478811513211289
85.45454545454545,41,11.727938209360783
70.65217391304348,199,14.754689447396116
79.12087912087912,68,10.355968755946815
89.40397350993378,178,29.915773518417755
78.26086956521739,200,14.145208456398981
74.44444444444444,200,37.4051440215315
70.61855670103093,200,23.038324217772686
73.33333333333333,200,60.002195807966636
75.67567567567568,200,20.188850103762853
76.47058823529412,200,14.7074076384449
78.57142857142857,200,29.198983146175703
76.0233918128655,200,37.157980927396316
76.2589928057554,141,21.280999346408407
75.14792899408283,200,25.465367716591505
75.0,158,22.448577920985763
74.52229299363057,172,18.722116396146646
76.97368421052632,172,24.2658279818336
74.07407407407408,200,15.28185415322268
79.67479674796748,128,18.424386778580587
83.05084745762711,56,10.02332403863198
82.14285714285714,9,33.829125898551624
83.14606741573034,72,85.15438829655068
81.11888111888112,168,26.252827320305812
86.88524590163934,106,83.43315740541654
65.42553191489363,200,41.52136393531739
73.52941176470588,200,42.168585613974905
68.75,178,10.799659673110442
72.37569060773481,200,9.249844587311358
75.78125,165,9.711455297752142
77.58620689655173,200,9.57919624737529
65.73033707865169,191,14.795606858671656
72.62569832402235,200,15.431853246772611
75.70093457943925,109,11.735825829451032
77.41935483870968,48,1.4084060245837693
82.22222222222221,95,15.880749568951565
86.4406779661017,52,18.92704668267486
68.30601092896174,200,12.410805446280062
82.35294117647058,200,23.79096858463066
74.17582417582418,200,20.82749705420275
74.44444444444444,200,21.897945661992768
79.75460122699386,185,49.639700903244446
75.13513513513513,200,12.28403184215583
78.15126050420169,117,14.763464893406695
83.33333333333334,33,40.71054676898371
72.19251336898395,200,20.03163429869999
76.96629213483146,200,43.17312945784806
76.05633802816901,68,27.562227961597827
75.91623036649214,200,24.485841959639746
69.1919191919192,200,33.84627945389414
73.15436241610739,154,12.543221689731084
71.27659574468085,200,12.205994024006504
74.07407407407408,200,17.681185593459375
73.65269461077844,200,20.552767787368495
76.2589928057554,200,20.144417026100736
63.73626373626373,184,10.262530473250548
61.79245283018868,200,18.029783634024987
70.43010752688173,200,10.280072177013883
78.42105263157895,200,35.379290593079276
74.75728155339806,116,17.136217782944065
72.1311475409836,183,9.688232893477252
80.59701492537313,133,11.407243779958304
73.72262773722628,200,8.12117305708834
70.0,200,18.433041058308934
75.78947368421053,84,12.02560831610637
72.89719626168224,102,13.929300678597397
80.32786885245902,200,15.591318656291625
93.02325581395348,20,9.756811349213246
77.38095238095238,200,22.80169453888657
97.05882352941177,36,19.14514659758556
84.66666666666667,200,41.373841972229165
75.69060773480662,200,25.102256612639565
81.52173913043478,83,12.234565553140206
77.34806629834254,200,22.512373773414946
72.31638418079096,200,21.782025776013164
74.57627118644068,131,10.819784117843879
74.22680412371135,200,20.365622292540426
71.93877551020408,200,21.333222070307652
79.75460122699386,184,45.42895880522308
71.8232044198895,200,23.83625185946441
87.5,21,19.05532642036773
79.65116279069767,200,14.868373936040992
71.00591715976331,200,10.408831999097002
77.84431137724552,200,9.573730090759863
73.2620320855615,200,18.813454737250634
75.15527950310559,200,35.329303636334316
83.55263157894737,200,26.473211619023296
75.93582887700535,200,26.239505309763004
68.68131868131869,200,12.761133474134422
78.48101265822784,63,12.557080817996177
90.69767441860465,21,14.734664532990681
76.50273224043715,200,20.335069977177792
76.33136094674556,200,40.07570956794878
74.57627118644068,200,10.389132048231833
66.16161616161617,200,16.611818468945028
74.13793103448276,200,15.81353358480266
76.79558011049724,200,87.01134257426037
68.02325581395348,200,14.37633906240506
76.875,165,12.92951932479702
76.24309392265194,200,10.89537816641907
80.11695906432749,200,31.184873309708372
63.63636363636363,200,7.363017824105513
86.53846153846155,39,29.902913553894066
83.92857142857143,36,15.17110237170259
82.92682926829268,128,20.891986260893944
68.75,200,11.062396953433867
73.0,200,11.062970594041085
77.35849056603774,124,12.222758386163418
69.23076923076923,200,29.059974749323498
81.13207547169812,40,13.044734476086848
83.49514563106796,114,44.65523250669888
69.03553299492386,200,10.613892648351051
71.5909090909091,200,19.062972998719864
63.24324324324324,181,18.095227304203565
73.73737373737373,104,24.35264459635885
83.17757009345794,89,20.18896262831731
70.34883720930233,193,24.37628666136246
83.33333333333334,80,2.3184324511656933
70.66666666666667,146,32.90914530040056
63.91752577319587,200,10.720214415852281
73.25581395348837,79,17.24729022647335
78.52760736196319,200,42.747099774413506
65.53398058252428,200,27.4676564502147
64.32748538011695,200,12.384513416093405
71.91011235955057,193,16.760233423803406
75.75757575757575,200,20.653029875380863
70.44025157232704,200,11.23963285590634
76.30057803468208,200,8.09628261374542
71.12299465240642,200,18.284934219625548
75.39267015706807,200,18.119892438506838
76.40449438202246,200,19.78196417355982
93.02325581395348,27,17.46782755793907
72.28260869565217,182,37.6117098759139
70.2127659574468,186,20.777531553053144
83.45864661654136,137,18.30181239084143
68.65671641791045,200,73.4926265718073
77.40112994350282,200,16.058396569028588
85.1063829787234,74,71.83977168439952
78.66666666666666,200,17.06843358182848
73.77049180327869,41,10.493189036377656
77.5,200,19.08437015854584
81.72043010752688,76,22.270142295165616
83.33333333333334,200,97.90109357518749
70.8108108108108,200,22.659852409063358
